0 9
1 132
2 54
3 396
4 478
5 441
6 51
7 7684
8 27
9 52
10 121
11 37
12 295
13 193
14 681
15 317
16 2154
17 107
18 178
19 264
20 30
21 24
22 90
23 240
25 479
26 2317
28 184
29 23
30 393
31 207
32 8556
33 124
34 959
35 99
36 1948
37 39
38 1101
39 26
40 14
41 640
42 945
43 15
44 4154
46 346
47 102
48 354
49 21
50 1375
51 3
52 57
53 19
54 82
56 44
57 53
58 36
59 1089
60 335
61 1729
62 333
63 2438
64 7529
65 234
66 1467
67 2008
68 202
69 13
70 18
71 4
72 2
73 43
74 5143
75 481
76 106
77 151
78 81
79 470
80 183
81 12
82 76
83 101
84 281
85 120
86 304
87 199
88 735
89 85
90 71
91 9249
92 16
93 401
94 328
95 145
96 272
97 214
98 211
99 804
