0 [226, 235, 377, 469, 484, 614, 623, 655, 1027, 1136, 1304, 1738, 1925, 2375, 2426, 2488, 2512, 2648, 2960, 2988, 3005, 3066, 3510, 3518, 3712, 3725, 3752, 4100, 4144, 4289, 4340, 4640, 4666, 4923, 5306, 5370, 5496, 5675, 5679, 5731, 5807, 5885, 5900, 5913, 6099, 6212, 6253, 6415, 6806, 6922, 7638, 7655, 7981, 8045, 8131, 8250, 8302, 8314, 8327, 8578, 8767, 9097, 9200, 9221, 9387, 9849, 9872, 9904]
1 [132, 572, 598, 682, 713, 725, 1110, 1759, 1780, 1810, 2015, 2338, 2436, 2830, 3134, 3190, 3353, 3432, 3708, 3713, 3786, 3862, 3986, 4148, 4315, 4453, 4459, 4641, 4653, 4813, 5088, 5421, 5506, 5594, 5692, 5753, 5935, 6296, 6677, 6759, 6842, 7009, 7097, 7232, 7269, 7555, 7689, 8001, 8010, 8011, 8120, 8249, 8344, 8352, 8374, 8471, 8536, 8550, 8649, 8652, 8688, 8782, 9322, 9442, 9485, 9524, 9537, 9610, 9737]
2 [54, 325, 414, 463, 504, 542, 573, 887, 930, 994, 1047, 1152, 1173, 1479, 1609, 1669, 1791, 1851, 1983, 2194, 2316, 2713, 2777, 2804, 2949, 2996, 3171, 3397, 3603, 4050, 4056, 4071, 4257, 4420, 4560, 4912, 5331, 5536, 5564, 5626, 5700, 5769, 5774, 6126, 6227, 6301, 6350, 6374, 6384, 6386, 6628, 6698, 6709, 6758, 6805, 6875, 7076, 7111, 7130, 7359, 7761, 7955, 8096, 8159, 8178, 8358, 8439, 8863, 8897, 8952, 9226, 9280, 9296, 9337, 9625, 9864, 9898]
3 [396, 413, 1028, 1055, 1176, 1300, 1302, 1476, 1576, 1672, 2107, 2188, 2264, 2278, 2417, 2464, 2809, 2858, 3016, 3121, 3178, 3404, 3514, 3653, 3846, 4218, 4305, 4491, 5165, 5385, 5719, 6052, 6798, 6880, 7092, 7651, 7680, 7717, 7811, 7932, 8005, 8115, 8140, 8179, 9004, 9054, 9105, 9351, 9432, 9803, 9953, 9978]
5 [334, 441, 459, 657, 1206, 1219, 1274, 1331, 1333, 1402, 2044, 2068, 2348, 2378, 2382, 2558, 2581, 2607, 2765, 2771, 2787, 2922, 2944, 3260, 3448, 3753, 3780, 3793, 3925, 4024, 4409, 4829, 4937, 5101, 5230, 5239, 5580, 5647, 5776, 6289, 6408, 6477, 6813, 7126, 7223, 7344, 7366, 7622, 7681, 7690, 7885, 7934, 7967, 8089, 8281, 8298, 8554, 8786, 8814, 9217, 9279, 9452, 9619]
6 [200, 204, 258, 381, 1245, 2190, 2461, 2861, 2926, 3107, 3966, 4101, 4732, 5296, 5389, 5711, 5842, 5904, 5943, 6087, 6133, 6732, 7091, 7273, 7340, 7700, 8070, 8205, 8487, 8619, 8864, 9062, 9613]
8 [27, 28, 116, 161, 319, 417, 476, 532, 554, 644, 756, 912, 1043, 1382, 1408, 1469, 1675, 1775, 1999, 2477, 2499, 3035, 3044, 3407, 3467, 3477, 3591, 3682, 3698, 3873, 3935, 4106, 4211, 4239, 4251, 4329, 4561, 4646, 4765, 4908, 4980, 5063, 5171, 5304, 5362, 5855, 5877, 5895, 5994, 6226, 6280, 6553, 6799, 6837, 6848, 6865, 7242, 7262, 7266, 7281, 7282, 7378, 7385, 7484, 7648, 7862, 7947, 7949, 8056, 8065, 8191, 8326, 8390, 8402, 8419, 8661, 8739, 9236, 9253, 9380, 9425, 9486, 9556, 9615, 9646, 9692, 9928, 9939]
9 [52, 114, 170, 340, 455, 594, 864, 932, 997, 1015, 1045, 1130, 1135, 1318, 1429, 1438, 1487, 1514, 1562, 1899, 1932, 2011, 2314, 2510, 2550, 2822, 2963, 2993, 3011, 3122, 3216, 3232, 3316, 3350, 3444, 3548, 3888, 3906, 4065, 4077, 4325, 4332, 4334, 4683, 4818, 4848, 4956, 5030, 5440, 5686, 5810, 5981, 5993, 6018, 6025, 6089, 6168, 6214, 6217, 6239, 6440, 6507, 6602, 6788, 6886, 6899, 7012, 7077, 7093, 7259, 7406, 7415, 7423, 7443, 7850, 8088, 8090, 8309, 8317, 8462, 8644, 8812, 9044, 9052, 9107, 9347, 9357, 9716, 9755, 9857, 9967]
10 [121, 349, 365, 427, 439, 452, 588, 703, 1448, 1557, 1680, 1714, 2176, 2295, 3209, 3304, 3373, 3730, 3765, 3952, 4252, 4348, 4520, 6069, 6327, 6559, 6772, 6804, 7345, 7428, 7795, 8722, 9492]
11 [130, 141, 358, 379, 503, 511, 830, 1399, 1461, 1521, 1758, 1800, 2305, 2427, 2451, 2608, 2638, 2780, 2868, 2899, 2923, 3068, 3400, 3425, 3687, 3869, 4036, 4110, 4141, 4180, 4544, 4574, 4917, 5118, 5203, 5512, 5685, 6110, 6241, 6247, 6606, 6617, 6672, 7260, 7346, 7487, 7608, 7671, 7929, 8016, 8375, 8591, 9026, 9240, 9278, 9339, 9635, 9727, 9887, 9974]
12 [190, 295, 324, 587, 780, 1025, 1188, 1194, 1474, 1516, 1770, 1825, 1998, 2040, 2060, 2178, 2418, 2630, 3046, 3239, 3455, 3500, 3583, 3719, 3721, 3894, 4291, 4327, 4489, 4507, 4719, 4793, 4887, 5049, 5188, 5193, 5225, 5423, 5578, 5778, 5814, 5989, 6149, 6352, 6460, 6517, 6527, 6861, 6873, 7080, 7116, 7452, 7474, 7583, 8052, 8147, 8248, 8489, 8773, 8883, 9175, 9500, 9530, 9584, 9809]
13 [94, 193, 619, 766, 822, 1143, 1271, 1427, 1445, 1478, 1489, 1662, 1985, 2019, 2203, 2484, 2591, 2665, 2719, 2832, 3276, 3478, 3564, 3701, 3755, 3868, 3947, 4129, 4173, 4185, 4296, 4307, 4434, 4468, 4788, 4808, 5015, 5020, 5064, 5163, 5184, 5201, 5634, 5748, 5853, 5920, 6116, 6176, 6339, 6411, 7133, 7441, 7508, 7812, 7816, 8023, 8085, 8126, 8596, 8655, 8663, 8920, 9232, 9252, 9572, 9815, 9835, 9930]
14 [681, 875, 928, 1209, 1505, 1767, 2572, 2906, 2975, 3057, 3090, 3354, 3976, 4070, 4531, 4742, 4843, 4946, 4966, 5123, 5198, 5209, 5292, 5474, 5770, 6103, 6320, 6397, 6434, 6699, 6737, 7022, 7049, 7117, 7166, 7504, 7726, 7848, 7911, 8049, 8299, 8546, 8548, 8990, 9070, 9163, 9305, 9986]
15 [62, 317, 540, 650, 717, 751, 769, 811, 992, 1085, 1184, 1423, 1510, 1572, 1687, 1882, 2051, 2145, 2267, 2315, 2415, 2774, 2834, 2946, 2948, 3153, 3319, 3831, 3884, 3930, 3985, 4234, 4345, 4415, 4435, 4519, 4736, 4894, 5029, 5119, 5249, 5455, 5494, 5516, 5519, 5532, 5762, 6037, 6044, 6417, 6418, 6475, 6778, 7128, 7194, 7298, 7333, 7445, 7750, 7800, 8231, 8598, 8604, 8648, 8732, 8800, 8834, 9110, 9142, 9266, 9362, 9412, 9531, 9611, 9647, 9743]
17 [49, 107, 467, 624, 666, 1051, 1296, 1358, 1439, 1552, 1613, 1639, 1776, 1835, 1858, 1876, 2004, 2063, 2250, 2252, 2437, 2514, 2850, 3165, 3175, 3553, 3706, 3931, 4122, 4133, 4194, 4231, 4281, 4437, 4807, 4879, 4904, 4930, 5041, 5205, 5400, 5581, 5857, 6011, 6083, 6172, 6246, 6406, 6629, 6812, 6854, 6882, 7107, 7234, 7498, 7519, 7691, 7992, 8024, 8421, 8477, 8496, 8523, 8570, 8719, 8857, 9127, 9287, 9438, 9522]
19 [264, 310, 435, 537, 654, 656, 843, 1124, 1151, 1217, 1372, 1440, 1590, 1790, 1973, 1977, 2078, 2182, 2291, 2341, 2342, 2462, 2489, 3114, 3423, 3798, 3939, 4059, 4161, 4276, 4419, 4474, 4485, 4757, 4873, 5067, 5128, 5180, 5244, 5461, 5530, 5901, 5915, 6130, 6645, 6849, 7138, 7157, 7220, 7338, 7357, 7382, 7434, 7566, 7647, 7659, 8014, 8224, 8383, 8700, 8710, 9040, 9092, 9113, 9124, 9144, 9189, 9290, 9663, 9780, 9964]
20 [30, 111, 125, 157, 562, 613, 840, 880, 1054, 1076, 1341, 1434, 1525, 1610, 1652, 1674, 1740, 1789, 1947, 2086, 2108, 2152, 2161, 2269, 2386, 2389, 2470, 2576, 2577, 2661, 2684, 2802, 2917, 2965, 3186, 3203, 3286, 3293, 3299, 3317, 3322, 3349, 3409, 3568, 3912, 4010, 4061, 4125, 4159, 4186, 4214, 4259, 4444, 4668, 4722, 4847, 4918, 5096, 5473, 5603, 5683, 5699, 5799, 5926, 5995, 6098, 6141, 6233, 6245, 6364, 6491, 6594, 6619, 6655, 6943, 7063, 7192, 7291, 7319, 7456, 7499, 7535, 7542, 7543, 8022, 8209, 8666, 8753, 9003, 9056, 9087, 9089, 9344, 9409, 9593, 9600, 9873]
21 [24, 93, 95, 126, 243, 687, 716, 729, 849, 916, 989, 1030, 1120, 1199, 1621, 1624, 1715, 1732, 1853, 1897, 1957, 2021, 2041, 2130, 2287, 2657, 2793, 2864, 2897, 2900, 3025, 3033, 3222, 3255, 3442, 3456, 3528, 3809, 3875, 3998, 4094, 4164, 4181, 4187, 4473, 4512, 4585, 5090, 5120, 5167, 5274, 5466, 5663, 6027, 6353, 6387, 6639, 6675, 6718, 6932, 6946, 7079, 7243, 7325, 7491, 8054, 8063, 8295, 8430, 8743, 8776, 8859, 9024, 9170, 9393, 9437, 9472, 9479, 9523, 9526, 9818, 9921]
22 [79, 90, 182, 450, 451, 649, 934, 1163, 1310, 1428, 1586, 1806, 1807, 1875, 1927, 1930, 1982, 2125, 2189, 2223, 2463, 2487, 2533, 2586, 2836, 2936, 2945, 3210, 3282, 3659, 3683, 4174, 4206, 4321, 4369, 4475, 4771, 5147, 5236, 5319, 5414, 5690, 5768, 5845, 5978, 6165, 6238, 6267, 6269, 6482, 6490, 6500, 6508, 6673, 6795, 6841, 6890, 7224, 7275, 7362, 7626, 7917, 7923, 7933, 7959, 8036, 8074, 8122, 8949, 9172, 9303, 9321, 9471, 9533, 9594]
23 [139, 205, 240, 801, 935, 1086, 1354, 1393, 1551, 1606, 1890, 2307, 2447, 2491, 2500, 2524, 2999, 3007, 3205, 3494, 3555, 3572, 3595, 3678, 3928, 4777, 4782, 4920, 5023, 5567, 5951, 6003, 6107, 6188, 6240, 6259, 6635, 6781, 6892, 7072, 7191, 7332, 7402, 7479, 7699, 7931, 7970, 8215, 8495, 8696, 8703, 8760, 9077, 9199, 9545, 9641, 9664, 9765, 9905]
25 [38, 110, 479, 697, 753, 1010, 1116, 1383, 1390, 1471, 1655, 1657, 1850, 2045, 2204, 2368, 2385, 2529, 2582, 2717, 3072, 3150, 3226, 3394, 3646, 3790, 3895, 4306, 4339, 4384, 4568, 5195, 5202, 5349, 5406, 5566, 6169, 6451, 6582, 6840, 7013, 7195, 7337, 7524, 7741, 7907, 8034, 8353, 8992, 9184, 9331, 9365, 9516, 9596, 9767]
27 [112, 4222, 4402, 4510, 6432, 7205, 7511, 8673, 8816, 9749, 9979]
28 [184, 309, 566, 675, 907, 972, 1075, 1137, 1459, 1460, 1888, 2589, 2606, 2691, 3670, 3937, 4869, 5116, 5172, 5411, 5479, 5482, 5522, 5617, 5836, 6059, 6093, 6184, 6251, 6597, 6801, 7204, 7596, 7998, 8274, 8446, 8592, 8779, 8972, 9000, 9130, 9501]
29 [23, 84, 373, 386, 530, 709, 1013, 1090, 1207, 1452, 1689, 1773, 1838, 1938, 1951, 2231, 2331, 2508, 2554, 2985, 3369, 3459, 3596, 3987, 4263, 4397, 4632, 4882, 5353, 6073, 6084, 6257, 6274, 6495, 6509, 6822, 6999, 7082, 7374, 7377, 7381, 7788, 7971, 7987, 8017, 8254, 8641, 8721, 8754, 8835, 8888, 9117, 9140, 9363, 9538, 9740, 9772, 9837, 9885, 9960]
30 [284, 393, 516, 552, 597, 670, 1008, 1039, 1113, 1229, 1539, 1692, 1716, 1722, 1831, 1954, 1972, 2030, 2149, 2353, 2423, 2448, 2932, 2958, 2982, 3156, 3158, 3272, 3310, 3741, 4017, 4096, 4524, 4566, 4592, 4643, 4743, 4770, 4776, 4826, 4940, 5157, 5213, 5247, 5275, 5585, 5750, 5791, 5803, 6006, 6305, 6349, 6385, 6471, 6904, 7241, 7254, 7466, 7791, 7836, 7953, 8251, 8266, 8288, 8660, 8685, 8827, 9090, 9121, 9233, 9422, 9457, 9577, 9628, 9658, 9823, 9931, 9980, 9993]
31 [207, 239, 257, 307, 315, 436, 706, 1170, 1226, 1493, 1564, 1849, 1961, 2136, 2157, 2360, 2374, 2598, 2617, 2873, 2929, 2974, 3258, 3389, 3401, 3480, 3556, 3746, 3934, 3991, 3997, 4429, 4709, 4758, 4801, 4867, 4945, 4976, 5381, 5525, 5615, 5712, 5794, 5878, 5908, 6000, 6104, 6119, 6255, 6422, 6484, 6538, 6567, 6599, 6646, 6686, 6938, 7108, 7147, 7527, 7587, 7701, 8263, 8285, 8362, 8539, 8681, 8694, 8884, 8912, 9033, 9511, 9713, 9836, 9895, 9909, 9926]
32 [2319, 2390, 2773, 3589, 5070, 5273, 5761, 6470, 8134, 8556, 8751, 8860, 9868]
33 [124, 371, 863, 904, 1077, 1306, 1593, 1647, 1749, 2002, 2139, 2411, 2469, 3032, 3202, 3324, 4608, 4712, 4844, 4993, 5373, 5610, 6308, 6444, 6562, 7478, 7709, 8067, 8401, 8410, 8415, 8524, 8873, 8913, 9078, 9154, 9702, 9738, 9757, 9961]
34 [969, 1227, 1432, 2756, 2828, 3136, 3605, 3823, 4049, 4441, 4703, 5084, 5726, 6163, 6505, 6693, 7248, 7924, 8672, 8731, 8735, 9496]
35 [99, 534, 589, 842, 955, 1126, 1294, 1348, 2022, 2026, 2497, 3003, 3126, 3315, 3481, 3615, 3720, 4006, 4178, 4317, 5017, 5183, 5345, 5623, 5808, 5897, 5980, 6002, 6225, 6534, 6585, 6624, 6819, 6883, 7000, 7290, 7674, 7905, 8012, 8062, 8138, 9139, 9579]
36 [659]
37 [39, 98, 171, 320, 480, 528, 688, 808, 895, 922, 993, 1016, 1148, 1282, 1323, 1503, 1635, 1736, 1886, 2065, 2285, 2372, 2441, 2495, 2637, 2701, 2855, 3108, 3242, 3246, 3321, 3476, 3677, 3970, 4007, 4032, 4158, 4250, 4256, 4521, 4639, 4694, 4802, 4849, 5011, 5059, 5124, 5321, 5609, 5635, 5682, 5734, 5828, 5886, 6122, 6322, 6412, 6529, 6790, 6824, 6961, 7051, 7198, 7206, 7257, 7597, 7722, 8112, 8436, 8509, 8678, 8738, 8896, 9015, 9196, 9723, 9889, 9929]
38 [465, 577, 1101, 1179, 1234, 1336, 1703, 1958, 1990, 2266, 2281, 2742, 2820, 2862, 3000, 3329, 3827, 4117, 4509, 5159, 5254, 5802, 6856, 6917, 6982, 7016, 7193, 7216, 7904, 8247, 8366, 8645, 8977, 9176, 9349, 9359, 9376, 9410, 9764, 9777]
39 [26, 147, 180, 361, 599, 771, 839, 1052, 1264, 1495, 1546, 1963, 2023, 2037, 2562, 2627, 3139, 3247, 3298, 3347, 3470, 3579, 3586, 3693, 3855, 3872, 4383, 4800, 4804, 4809, 4999, 5250, 5378, 5577, 5633, 5659, 5740, 5940, 6015, 6042, 6117, 6134, 6145, 6218, 6340, 6419, 6543, 6695, 6734, 6760, 6777, 6998, 7096, 7698, 7739, 7781, 7957, 8058, 8233, 8369, 8406, 8453, 8472, 8521, 8994, 9012, 9262, 9421, 9742, 9766]
40 [14, 179, 186, 278, 302, 355, 390, 400, 871, 962, 1710, 1766, 1910, 2049, 2292, 2443, 2679, 2721, 3002, 3524, 3703, 3794, 3850, 3967, 3984, 4166, 4355, 4528, 4725, 4905, 4959, 5259, 5338, 5509, 5608, 5766, 6009, 6031, 6071, 6206, 6216, 6270, 6420, 6431, 6724, 6826, 6860, 7105, 7267, 7335, 7358, 7383, 7430, 7431, 7764, 7878, 7899, 8072, 8192, 8264, 8479, 8492, 8558, 8706, 8822, 8899, 9141, 9316, 9569, 9637, 9689, 9696, 9788, 9791, 9814]
41 [2240, 3474, 4425, 4543, 6338, 6633, 7058, 7531, 7664, 7693, 9581]
42 [58, 313, 425, 945, 952, 1620, 2570, 2647, 3104, 3291, 4118, 4611, 4992, 5231, 5905, 6055, 6395, 7407, 8324, 8454, 9261, 9406, 9575, 9998]
43 [15, 66, 104, 117, 561, 604, 981, 982, 1200, 1397, 1515, 1559, 1872, 1926, 2039, 2395, 2553, 2760, 2791, 2990, 3125, 3135, 3148, 3192, 3309, 3360, 3387, 3547, 3597, 4072, 4155, 4303, 4333, 4432, 4496, 4606, 4634, 4711, 5027, 5131, 5277, 5348, 5453, 5923, 5964, 6124, 6175, 6448, 6544, 6564, 6654, 6869, 7263, 7521, 7670, 7833, 8181, 8318, 8347, 8397, 8545, 8842, 9109, 9314, 9353, 9660, 9684, 9933]
44 [936, 2653, 3882, 4154, 5441, 5759, 6455, 8458, 8938]
45 [192, 336, 918, 1059, 1214, 1303, 3214, 3619, 6797, 7463, 7732, 7859, 7915, 8577, 8664, 9505, 9618]
46 [521, 724, 1168, 1259, 1270, 1444, 1665, 1682, 1848, 1978, 2167, 2187, 2358, 2521, 2610, 3062, 3116, 3365, 3472, 3519, 3689, 3820, 3834, 4015, 4018, 4170, 4265, 4393, 4684, 4728, 4750, 4836, 4857, 5197, 5831, 5903, 5916, 6058, 6230, 6291, 6357, 6465, 6980, 7044, 7221, 7231, 7707, 7897, 7983, 8331, 8499, 8946, 9224, 9323, 9408, 9576, 9763]
48 [354, 615, 626, 752, 790, 923, 1023, 1096, 1218, 1321, 1404, 1463, 1464, 1671, 1812, 1829, 2066, 2072, 2082, 2148, 2242, 3054, 3111, 3240, 3256, 3376, 3525, 3558, 3606, 3715, 3732, 3857, 4028, 4128, 4147, 4461, 4487, 4892, 4927, 4960, 5003, 5112, 5114, 5162, 5175, 5216, 5311, 5342, 5430, 5460, 5469, 5572, 5612, 5650, 5691, 6022, 6144, 6279, 6343, 6416, 6449, 6547, 6730, 6914, 6954, 7109, 7110, 7160, 7209, 7249, 7289, 7489, 7569, 7640, 7806, 7871, 8183, 8257, 8300, 8457, 8460, 8627, 8763, 8929, 8981, 9007, 9017, 9205, 9276, 9345, 9654, 9833]
49 [0, 21, 42, 212, 397, 492, 565, 990, 1064, 1074, 1153, 1185, 1307, 1553, 1748, 1832, 1840, 1906, 1962, 2024, 2053, 2111, 2165, 2196, 2413, 2683, 2710, 2779, 3173, 3243, 3267, 3290, 3392, 3424, 3466, 3580, 3710, 3774, 3796, 3800, 3838, 4025, 4088, 4124, 4142, 4160, 4192, 4261, 4358, 4381, 4408, 4615, 4739, 4919, 4967, 5006, 5045, 5053, 5104, 5192, 5235, 5280, 5374, 5695, 5790, 5815, 5997, 6072, 6179, 6208, 6501, 6569, 6650, 6674, 6736, 7039, 7217, 7746, 8103, 8202, 8373, 8427, 8456, 8807, 9133, 9381, 9499, 9564, 9786, 9793, 9973]
51 [909, 1032, 1175, 3305, 3742, 3759, 4373, 4982, 6152, 6194, 8788]
52 [57, 138, 142, 813, 894, 967, 1021, 1144, 1158, 1384, 1417, 1566, 1683, 1891, 2150, 2159, 2408, 2594, 2628, 2672, 2748, 3154, 3482, 3624, 3735, 3791, 3999, 4035, 4213, 4530, 4542, 4553, 4582, 4617, 4657, 4730, 4747, 4931, 5081, 5223, 5237, 5265, 5410, 5557, 5563, 5846, 5868, 6137, 6264, 6295, 6332, 6333, 6405, 6426, 6612, 6773, 6820, 6926, 7210, 7438, 7538, 7631, 7666, 7734, 7827, 7896, 7920, 8346, 8398, 8543, 8557, 8789, 8945, 9399, 9427, 9675, 9688, 9771, 9981]
53 [19, 245, 515, 793, 807, 848, 873, 968, 998, 1159, 1265, 1344, 1380, 1457, 1485, 1650, 1706, 1743, 1859, 1863, 1870, 1878, 1966, 2017, 2058, 2199, 2414, 2430, 2467, 2523, 2752, 2854, 2890, 2894, 2903, 3056, 3059, 3355, 3358, 3421, 3531, 3592, 4217, 4411, 4534, 4572, 4767, 4896, 5001, 5022, 5065, 5607, 5727, 5917, 6199, 6516, 6641, 6660, 6931, 6975, 7041, 7268, 7453, 7518, 7679, 7869, 7941, 8025, 8188, 8552, 8671, 8726, 8746, 8765, 8900, 8903, 8925, 8980, 9449, 9544, 9588, 9629, 9672, 9690, 9698, 9831, 9956]
54 [82, 166, 464, 514, 519, 768, 825, 878, 938, 941, 1106, 1255, 1473, 1526, 1533, 1630, 1742, 1755, 1764, 1967, 2073, 2313, 2410, 2459, 2515, 2694, 3052, 3124, 3227, 3367, 3486, 3665, 3679, 3844, 3903, 3907, 4063, 4216, 4229, 4230, 4233, 4389, 4575, 4705, 4811, 4832, 4932, 4990, 5161, 5300, 5438, 5514, 5616, 5622, 5684, 5708, 5713, 5866, 6038, 6312, 6351, 6429, 6604, 6754, 6876, 6906, 6986, 7261, 7361, 7523, 7598, 7720, 7842, 7942, 7997, 8020, 8053, 8158, 8433, 8561, 8566, 9041, 9207, 9338, 9430, 9520, 9653, 9677, 9955]
55 [764, 792, 1466, 1615, 2420, 3899, 6580, 6721, 7403, 8338, 8540, 9111, 9401, 9883]
56 [44, 119, 557, 593, 913, 925, 943, 1268, 1275, 1451, 1558, 1575, 1659, 1856, 1922, 2114, 2183, 2379, 2404, 2699, 2753, 3098, 3303, 3403, 3433, 3440, 3539, 3758, 3764, 3773, 3822, 3956, 4060, 4232, 4362, 4465, 4547, 4642, 4665, 4774, 4913, 5000, 5245, 5358, 5448, 5470, 5678, 5722, 5758, 5765, 5827, 5837, 6106, 6232, 6271, 6319, 6354, 6487, 6548, 6950, 7118, 7132, 7176, 7419, 7450, 7486, 7493, 7831, 7856, 8018, 8050, 8283, 8382, 8478, 8522, 8555, 9086, 9098, 9211, 9340, 9439, 9621, 9773, 9796, 9950]
57 [53, 108, 118, 231, 391, 405, 719, 828, 1062, 1426, 1441, 1537, 1578, 1677, 1719, 1842, 2061, 2088, 2255, 2257, 2604, 2676, 2824, 3123, 3225, 3292, 3344, 3451, 3801, 3870, 3958, 4150, 4360, 4637, 4697, 4780, 4948, 5214, 5309, 5863, 5914, 6065, 6095, 6263, 6532, 6536, 6750, 6803, 6857, 7064, 7190, 7350, 7418, 7421, 7727, 7730, 7832, 7909, 8769, 8841, 8861, 8939, 9050, 9244, 9566, 9595, 9656, 9862]
58 [36, 47, 149, 156, 196, 353, 460, 507, 578, 796, 803, 1145, 1155, 1212, 1327, 1491, 1568, 1913, 2012, 2321, 2396, 2421, 2556, 2603, 2882, 3537, 3655, 3933, 4463, 4506, 4515, 4588, 4693, 4821, 4881, 5008, 5009, 5110, 5129, 5149, 5317, 5437, 5568, 5715, 5732, 5736, 5738, 5756, 5893, 5932, 6075, 6574, 6653, 7119, 7131, 7207, 7389, 7559, 7570, 7658, 7823, 7866, 7900, 7962, 7994, 7999, 8082, 8165, 8219, 8391, 8455, 8503, 8519, 8693, 8944, 8947, 8953, 8966, 9030, 9081, 9368, 9377, 9388, 9429, 9447, 9504, 9662, 9676, 9871, 9878, 9880, 9927]
59 [1089, 1292, 1293, 1501, 1544, 1601, 1855, 1898, 2087, 2191, 2233, 2260, 2355, 2584, 2629, 2770, 2801, 3808, 3917, 4083, 4136, 4137, 4370, 4583, 4726, 4925, 5434, 5499, 5629, 5754, 5796, 6164, 6618, 6835, 6973, 7015, 7514, 7602, 7837, 8094, 8097, 8200, 8729, 8768, 8794, 8936, 9336, 9392, 9821, 9900]
60 [335, 635, 722, 763, 785, 931, 970, 1011, 1063, 1107, 1213, 1911, 2235, 2286, 2399, 2504, 2551, 2810, 2851, 2950, 3323, 3357, 3436, 3541, 3905, 4130, 4179, 4310, 4492, 4723, 5313, 5384, 5439, 5816, 5965, 6275, 6563, 6661, 6957, 6966, 7214, 7451, 7488, 7552, 7834, 7844, 8035, 8174, 8196, 8380, 9057, 9219, 9394, 9514, 9651, 9824]
61 [31, 332, 1127, 1625, 1729, 1903, 1970, 1997, 2294, 2394, 2412, 2526, 2674, 2785, 2812, 2916, 2981, 4331, 4562, 4629, 4988, 5151, 5270, 5318, 5365, 5394, 5625, 5959, 5991, 6224, 6590, 6689, 7331, 7369, 7589, 7663, 7821, 8021, 8195, 8198, 8245, 8564, 9064, 9119, 9168, 9391, 9444, 9489, 9724]
62 [279, 333, 343, 524, 556, 728, 826, 831, 942, 1157, 1456, 1536, 1726, 2137, 2274, 2782, 3128, 3224, 3406, 3521, 3601, 3847, 4045, 4052, 4132, 4502, 4587, 4977, 4978, 5028, 5390, 5436, 5476, 5592, 5658, 5789, 5840, 5906, 5931, 5967, 6014, 6222, 6601, 6615, 6787, 6939, 7129, 7187, 7197, 7435, 7588, 7642, 7951, 8180, 8262, 8443, 8587, 8621, 8838, 8855, 8880, 8923, 9071, 9147, 9274, 9443, 9563, 9639, 9703, 9794, 9908, 9943]
63 [3151, 3733, 4778, 6446, 7088, 7702, 8184, 8642, 8879, 9415, 9830]
64 [360, 667, 781, 1154, 1253, 1262, 1297, 1591, 1841, 2509, 2543, 2583, 3130, 3273, 3673, 3690, 3784, 4043, 5233, 5717, 5963, 6648, 7296, 7529, 8079, 8635, 8787, 9120, 9783, 9787]
65 [234, 389, 446, 704, 810, 1146, 1332, 1359, 1462, 1543, 1632, 1717, 1795, 1929, 2003, 2318, 2798, 2978, 3370, 3454, 3664, 3739, 3982, 4119, 4184, 4236, 4458, 4505, 4550, 4842, 5688, 5783, 5928, 6143, 6878, 6969, 6988, 7170, 7228, 7235, 7246, 7778, 7864, 8091, 8620, 8898, 9330, 9382, 9400, 9414, 9762]
66 [70, 986, 2449, 4243, 5418, 6113, 7870, 7906, 7946, 8468, 8553]
68 [202, 253, 342, 350, 424, 510, 571, 679, 733, 867, 933, 956, 1276, 1305, 1355, 1394, 1604, 1660, 1879, 2153, 2236, 2258, 2298, 2493, 2588, 2749, 2875, 2889, 3339, 3383, 3571, 3833, 3909, 4121, 4172, 4189, 4343, 4584, 4598, 4651, 4674, 4866, 4916, 4973, 5014, 5018, 5098, 5136, 5468, 5537, 5660, 5743, 5953, 6181, 6235, 6410, 6425, 6572, 6810, 6864, 6881, 7047, 7098, 7145, 7342, 7363, 7526, 7548, 7649, 7668, 8128, 8290, 8350, 8514, 8633, 8659, 8733, 8734, 9043, 9210, 9599, 9923]
69 [13, 59, 105, 384, 495, 889, 975, 1129, 1205, 1221, 1522, 1534, 1554, 1685, 1735, 1745, 1874, 1931, 1935, 2277, 2354, 2439, 2505, 2613, 2660, 2829, 3077, 3082, 3228, 3279, 3302, 3593, 3743, 3837, 3851, 4048, 4105, 4193, 4235, 4416, 4650, 4816, 4841, 5093, 5187, 5551, 5576, 5600, 5918, 5939, 6290, 6318, 6337, 6466, 6670, 6769, 6776, 6793, 6867, 7030, 7101, 7165, 7167, 7528, 8111, 8287, 8307, 8450, 8461, 8484, 8654, 8682, 8756, 8770, 8907, 8932, 8959, 8991, 9208, 9230, 9242, 9255, 9404, 9428, 9718, 9726, 9866, 9867, 9919]
70 [18, 128, 1095, 2371, 3667, 4557, 5520, 5584, 6043, 6219, 7025, 7122, 7442, 7744, 7861, 8508, 8595, 9146]
71 [4, 10, 56, 80, 115, 229, 330, 412, 755, 837, 853, 1024, 1322, 1860, 2091, 2135, 2164, 2247, 2549, 2621, 2913, 3021, 3137, 3152, 3285, 3289, 3439, 3471, 3612, 3672, 3911, 3964, 4092, 4228, 4661, 4764, 4803, 5039, 5133, 5153, 5194, 5196, 5232, 5241, 5264, 5301, 5656, 5864, 5875, 5888, 5941, 6283, 6392, 6593, 6717, 6953, 7048, 7100, 7180, 7212, 7316, 7330, 7703, 7725, 8297, 8336, 8459, 8541, 8849, 8911, 8943, 9049, 9135, 9306, 9481, 9515, 9549, 9620]
73 [560, 1037, 2173, 2186, 2482, 2574, 3396, 3483, 4199, 4537, 5667, 5755, 5907, 6404, 8009, 8608, 8914]
76 [106, 227, 306, 462, 622, 721, 770, 882, 1104, 1242, 1247, 1364, 1412, 1595, 1666, 1873, 2304, 2350, 2373, 2501, 2539, 2700, 2954, 3163, 3167, 3797, 3949, 3950, 4041, 4794, 5042, 5062, 5100, 5248, 5355, 5547, 5611, 5671, 5927, 6013, 6376, 6407, 6598, 6636, 6684, 6744, 6952, 6963, 6992, 7154, 7253, 7360, 7636, 7845, 7893, 7919, 8173, 8533, 8798, 8831, 9055, 9183, 9251, 9343, 9626, 9729, 9819, 9925]
77 [60, 151, 497, 980, 1222, 1823, 3010, 4241, 4854, 5665, 5694, 6135, 8679, 8887, 9301, 9527, 9861]
78 [699, 1455, 1739, 2047, 2405, 2642, 2726, 2940, 3131, 3652, 5056, 5405, 5426, 5481, 5583, 5949, 5955, 6579, 6692, 6740, 7858, 8999, 9324, 9710]
79 [486, 8280]
80 [208, 260, 765, 1437, 1611, 1779, 1887, 2206, 3113, 3621, 3714, 3750, 4410, 4700, 4972, 4984, 5371, 5801, 5924, 6456, 6631, 7152, 7395, 7615, 7669, 7760, 7840, 7841, 7865, 8658, 8687, 8702, 8839, 9264, 9590, 9649, 9825]
81 [12, 219, 421, 442, 546, 591, 612, 711, 984, 1036, 1056, 1099, 1128, 1284, 1363, 1721, 1900, 1907, 2121, 2146, 2297, 2367, 2369, 2496, 2609, 2636, 3398, 3740, 4076, 4095, 4511, 4536, 4680, 4950, 4958, 5121, 5632, 5985, 6012, 6066, 6378, 6403, 6556, 6764, 6884, 6915, 6920, 7286, 7422, 7512, 7628, 7662, 8218, 8277, 8284, 8909, 8970, 8988, 9167, 9386, 9454, 9518, 9542, 9559, 9799]
82 [76, 238, 582, 611, 629, 645, 665, 714, 749, 788, 1097, 1231, 1542, 1713, 1781, 1818, 2038, 2243, 2446, 2545, 2740, 2811, 2831, 2856, 2972, 2989, 3089, 3115, 3386, 3402, 3429, 3770, 3942, 3975, 4103, 4376, 4746, 4785, 4851, 5002, 5005, 5155, 5260, 5573, 5680, 5861, 6030, 6388, 6647, 6687, 6843, 6845, 6928, 7017, 7258, 7328, 7616, 7683, 7755, 7776, 7989, 7991, 8166, 8378, 8470, 8475, 8581, 8616, 8689, 8730, 8736, 8785, 8866, 8867, 8881, 8985, 9053, 9174, 9209, 9256, 9315, 9396, 9431, 9433, 9532, 9681, 9711, 9775, 9876, 9920, 9940]
83 [189, 1171, 1712, 2103, 2209, 2406, 2559, 2693, 4438, 5800, 6268, 6329, 6972, 7790, 9083, 9493]
84 [281, 605, 988, 1162, 1246, 1449, 1529, 1581, 1945, 2217, 2254, 2483, 2668, 2816, 3215, 3333, 3430, 3452, 3543, 3550, 3891, 3915, 4040, 4314, 4363, 4605, 5457, 5517, 6120, 6503, 6568, 6714, 6858, 6889, 6959, 6964, 7027, 7792, 7945, 8087, 8121, 8130, 8152, 8252, 8260, 8286, 8910, 9028, 9143, 9245, 9304, 9354, 9838, 9916]
85 [120, 388, 443, 445, 449, 642, 832, 1007, 1187, 1694, 1741, 2031, 2492, 2566, 2602, 2639, 2662, 2690, 3193, 3520, 3669, 3696, 3763, 3802, 3821, 4019, 4299, 4498, 4864, 4883, 5286, 5367, 5429, 5432, 5571, 5596, 5834, 5876, 5974, 6307, 6474, 6506, 6696, 6834, 6903, 6987, 7010, 7043, 7070, 7121, 7149, 7188, 7288, 7320, 7391, 7477, 7509, 7595, 7623, 7738, 7852, 7889, 7972, 7988, 8212, 8316, 8488, 8569, 8826, 8916, 9085, 9247, 9275, 9313, 9327, 9445, 9476, 9495, 9614, 9678, 9882, 9903, 9917]
86 [292, 304, 375, 692, 800, 1006, 1475, 1528, 1693, 1784, 1786, 1808, 2099, 2124, 2212, 2419, 2494, 2563, 2716, 3042, 3083, 3087, 3119, 3271, 3641, 3650, 3681, 3695, 3783, 3839, 4114, 4258, 4287, 4443, 4595, 4799, 4891, 5048, 5179, 5229, 5454, 5957, 6053, 6299, 6334, 6584, 6656, 6962, 7033, 7052, 7280, 7390, 7439, 7656, 7913, 7938, 7976, 7985, 8207, 8435, 8560, 8573, 8833, 8851, 8956, 9334, 9547, 9586, 9671, 9806, 9856, 9910]
87 [199, 461, 487, 581, 723, 948, 1435, 1488, 1597, 1733, 1871, 2096, 2193, 2262, 2362, 2600, 2817, 2973, 3080, 3138, 3280, 3643, 3723, 3826, 3835, 3856, 3941, 4053, 4080, 4270, 4322, 4456, 4681, 4806, 5066, 5227, 5343, 5582, 5702, 5812, 6191, 6531, 6614, 6694, 6978, 7014, 7050, 7137, 7274, 7303, 7536, 7581, 7721, 7748, 7857, 8393, 8411, 8434, 8527, 8565, 8583, 8795, 8901, 9191, 9465, 9467, 9478, 9480, 9506, 9603, 9802, 9828]
88 [735, 1215, 1232, 1342, 1409, 1915, 1921, 1971, 2689, 2741, 2778, 2796, 2805, 2845, 2909, 3129, 3168, 3179, 3610, 3628, 4449, 4900, 5044, 5199, 5493, 6026, 6105, 6481, 7560, 8473, 8491, 8563, 9490]
89 [85, 262, 283, 299, 321, 366, 409, 498, 652, 921, 995, 1081, 1181, 1260, 1261, 1753, 1864, 1881, 1976, 2029, 2101, 2123, 2144, 2171, 2503, 2569, 2624, 2675, 2871, 2956, 2992, 3177, 3412, 3484, 3532, 3840, 3913, 4027, 4109, 4404, 4610, 4663, 4691, 4731, 5025, 5141, 5182, 5189, 5327, 5445, 5495, 5550, 5696, 5818, 6063, 6360, 6398, 6807, 6866, 6930, 7006, 7086, 7146, 7388, 7507, 7590, 7643, 7829, 7884, 8026, 8141, 8169, 8258, 8329, 8580, 8906, 8996, 9039, 9203, 9259, 9288, 9395, 9673, 9704, 9708, 9807, 9922, 9969]
90 [71, 213, 368, 370, 502, 732, 767, 838, 892, 977, 1019, 1083, 1241, 1291, 1684, 1756, 1797, 1814, 2133, 2363, 2376, 2707, 2724, 2898, 3017, 3223, 3251, 3284, 3288, 3330, 3359, 3377, 3546, 3675, 3727, 3756, 3792, 3878, 3897, 3900, 4210, 4260, 4540, 4633, 4658, 4979, 5130, 5272, 5757, 5763, 5937, 6101, 6294, 6389, 6691, 6703, 6762, 6814, 6874, 7175, 7222, 7239, 7537, 7661, 7685, 7749, 7774, 7922, 8127, 8228, 8357, 8432, 8511, 8986, 9155, 9169, 9246, 9379, 9474, 9695, 9918, 9985]
92 [16, 69, 123, 289, 683, 1009, 1111, 1225, 1401, 1598, 1637, 2000, 2095, 2115, 2328, 2343, 2666, 2814, 3174, 3261, 3326, 3625, 4013, 4062, 4099, 4112, 4439, 4552, 4613, 4624, 4655, 4797, 5297, 5308, 5823, 6035, 6050, 6366, 6476, 6683, 6755, 6828, 6897, 6934, 6944, 6993, 7139, 7252, 7323, 7354, 7409, 7629, 7773, 7814, 8135, 8203, 8204, 8243, 8365, 8759, 9228, 9254, 9633, 9859]
93 [316, 401, 740, 1125, 1263, 1902, 2776, 3422, 3573, 4721, 4733, 5624, 5883, 6676, 6844, 7055, 7142, 7255, 7891, 7936, 8151, 8607, 8674, 9178, 9326]
94 [194, 220, 328, 363, 378, 647, 662, 734, 1002, 1362, 1470, 1508, 1641, 1944, 2134, 2432, 2715, 2915, 3149, 3609, 3702, 3705, 3787, 3806, 3924, 4031, 4033, 4171, 4208, 4245, 4382, 4466, 4631, 4734, 4910, 4933, 4947, 5082, 5333, 5387, 5428, 5587, 5643, 5666, 5825, 6046, 6161, 6390, 6413, 6423, 6512, 6783, 6823, 6863, 7171, 7285, 7469, 7604, 7606, 7607, 7694, 7828, 8236, 8531, 8576, 8740, 8757, 8804, 8868, 8889, 8930, 9059, 9149, 9186, 9212, 9270, 9307, 9657, 9734]
95 [145, 187, 339, 526, 736, 1166, 1828, 1844, 1852, 1974, 1988, 2138, 2324, 2326, 2346, 2879, 3063, 3489, 3530, 3726, 4116, 4169, 4401, 5335, 5368, 5380, 5554, 5986, 6017, 6205, 6234, 7151, 7396, 7473, 7600, 7978, 8217, 8869, 8902, 9636, 9722, 9782, 9954]
98 [211, 408, 431, 454, 523, 600, 610, 757, 850, 855, 1169, 1250, 1351, 1468, 1654, 1896, 1941, 1991, 2020, 2034, 2162, 2228, 2388, 2498, 2593, 2667, 2840, 2910, 3187, 3393, 3469, 3535, 3921, 3979, 4247, 4359, 4385, 4450, 4500, 4526, 4648, 4789, 4819, 4876, 5061, 5092, 5174, 5257, 5391, 5545, 6021, 6060, 6317, 6573, 6761, 7059, 7114, 7163, 7440, 7578, 7713, 7742, 8078, 8253, 8337, 8389, 8589, 8601, 8948, 9001, 9018, 9094, 9299, 9488, 9709, 9733, 9774, 9816, 9843]
