0 [9, 113, 226, 235, 377, 469, 484, 614, 623, 655, 779, 1014, 1027, 1136, 1304, 1308, 1373, 1738, 1925, 2239, 2271, 2375, 2426, 2488, 2512, 2648, 2865, 2960, 2988, 3005, 3066, 3510, 3518, 3697, 3712, 3725, 3751, 3752, 4100, 4144, 4289, 4340, 4346, 4433, 4640, 4666, 4676, 4923, 4965, 5306, 5370, 5496, 5675, 5679, 5731, 5807, 5885, 5900, 5913, 6099, 6212, 6253, 6415, 6806, 6827, 6872, 6922, 7219, 7365, 7638, 7655, 7981, 8019, 8045, 8131, 8211, 8250, 8302, 8314, 8327, 8341, 8537, 8578, 8767, 9097, 9200, 9221, 9387, 9849, 9872, 9904]
1 [132, 572, 661, 713, 725, 1759, 1810, 2015, 2338, 2436, 3134, 3190, 3353, 3432, 3713, 3986, 4148, 4315, 4453, 4459, 4641, 4653, 4813, 5088, 5421, 5594, 5753, 6759, 6842, 7009, 7097, 7269, 7555, 7689, 8001, 8010, 8011, 8120, 8249, 8344, 8352, 8374, 8471, 8550, 8649, 8652, 8688, 8782, 9485, 9537, 9610]
2 [54, 325, 463, 504, 542, 573, 887, 930, 1047, 1152, 1173, 1669, 1791, 1851, 1983, 1989, 2194, 2316, 2777, 2804, 2949, 2996, 3171, 3397, 3527, 4050, 4056, 4071, 4257, 4420, 4560, 5331, 5536, 5564, 5626, 5700, 5769, 5774, 6126, 6227, 6301, 6350, 6374, 6384, 6386, 6628, 6698, 6709, 6758, 6805, 6875, 7076, 7111, 7130, 7359, 7761, 7955, 8096, 8159, 8178, 8358, 8439, 8863, 8897, 8952, 9226, 9296, 9337, 9616, 9625, 9864, 9898]
3 [396, 413, 1028, 1055, 1176, 1300, 1302, 1476, 1496, 1576, 1672, 1834, 2107, 2188, 2264, 2278, 2417, 2464, 2809, 2858, 3016, 3121, 3178, 3404, 3653, 3846, 4218, 4305, 4491, 4911, 5132, 5165, 5385, 5719, 6052, 6798, 6880, 7092, 7651, 7680, 7717, 7811, 7932, 8005, 8115, 8140, 8179, 9004, 9054, 9105, 9351, 9432, 9803, 9978]
4 [478, 607, 1105, 2623, 2720, 3254, 3526, 4126, 4219, 4318, 4951, 5398, 5513, 5640, 5733, 5744, 6068, 6109, 6428, 6603, 6802, 7314, 8038, 8364, 8425, 8586, 8853, 9066, 9648, 9701, 9707, 9832, 9853, 9966]
5 [334, 441, 459, 657, 1206, 1219, 1274, 1331, 1333, 1402, 1691, 1813, 2044, 2068, 2348, 2378, 2382, 2558, 2581, 2607, 2765, 2771, 2787, 2922, 2944, 3260, 3448, 3753, 3793, 3925, 4024, 4409, 4699, 4829, 4937, 5101, 5230, 5239, 5580, 5647, 5776, 6082, 6289, 6408, 6477, 6813, 7126, 7223, 7344, 7366, 7622, 7681, 7690, 7885, 7934, 7967, 8089, 8281, 8298, 8554, 8786, 8814, 9217, 9279, 9619]
6 [51, 83, 200, 204, 258, 268, 381, 404, 535, 816, 818, 851, 964, 1044, 1245, 1325, 1350, 2190, 2229, 2461, 2517, 2751, 2861, 3038, 3107, 3343, 3384, 3420, 3515, 3789, 3966, 3978, 3995, 4482, 4835, 4906, 4961, 5038, 5148, 5296, 5389, 5529, 5711, 5904, 5943, 6087, 6133, 6463, 6732, 6833, 7019, 7091, 7273, 7340, 7506, 7700, 7902, 7916, 8029, 8070, 8205, 8399, 8544, 8619, 8864, 8968, 9011, 9360, 9574, 9613]
7 [458, 686, 759, 819, 1078, 1707, 1861, 2093, 2201, 2253, 2727, 2966, 3008, 3103, 3356, 3375, 3676, 4008, 4400, 4405, 4472, 4686, 4772, 4941, 5427, 5556, 5559, 5604, 5628, 6277, 6808, 7095, 7213, 7544, 7601, 7605, 7684, 7687, 7740, 7782, 7927, 8044, 8255, 8294, 8597, 8712, 9413, 9741]
8 [27, 28, 116, 161, 319, 417, 476, 532, 554, 644, 756, 912, 1043, 1382, 1408, 1469, 1675, 1775, 1999, 2477, 2499, 3035, 3044, 3407, 3467, 3477, 3591, 3682, 3698, 3873, 3935, 4106, 4211, 4239, 4251, 4329, 4561, 4646, 4765, 4908, 4980, 5063, 5171, 5304, 5337, 5362, 5855, 5877, 5895, 5994, 6226, 6280, 6553, 6713, 6720, 6799, 6837, 6848, 6865, 7242, 7262, 7266, 7281, 7282, 7378, 7385, 7484, 7862, 7947, 7949, 8056, 8065, 8191, 8326, 8390, 8402, 8419, 8661, 8739, 8744, 9236, 9253, 9380, 9425, 9486, 9556, 9615, 9646, 9692, 9928, 9939]
9 [52, 114, 170, 340, 455, 594, 864, 932, 997, 1015, 1045, 1130, 1135, 1318, 1429, 1438, 1487, 1514, 1562, 1899, 1932, 2011, 2314, 2428, 2510, 2550, 2822, 2963, 2993, 3011, 3122, 3216, 3232, 3316, 3350, 3444, 3548, 3888, 3906, 4065, 4077, 4325, 4332, 4334, 4683, 4818, 4848, 4956, 4981, 5030, 5440, 5686, 5810, 5981, 5993, 6018, 6025, 6089, 6168, 6214, 6217, 6239, 6440, 6507, 6788, 6886, 6899, 7012, 7077, 7093, 7259, 7406, 7415, 7423, 7443, 7850, 8088, 8090, 8309, 8317, 8644, 8812, 9044, 9052, 9107, 9347, 9357, 9716, 9755, 9857, 9967]
10 [77, 121, 349, 365, 427, 452, 588, 703, 1448, 1557, 1680, 1696, 1714, 2176, 2295, 3209, 3373, 3730, 3863, 3952, 4348, 4520, 5444, 6069, 6252, 6327, 6559, 6772, 6804, 7345, 7428, 7795, 8722, 9795]
11 [37, 88, 130, 141, 244, 291, 358, 379, 503, 511, 830, 1399, 1461, 1521, 1758, 1800, 1833, 2119, 2170, 2305, 2427, 2451, 2608, 2638, 2780, 2868, 2899, 2923, 3068, 3400, 3425, 3599, 3687, 3724, 3869, 4036, 4110, 4141, 4180, 4544, 4574, 4917, 4955, 5118, 5203, 5685, 6110, 6241, 6247, 6606, 6617, 7260, 7346, 7487, 7608, 7671, 7929, 8016, 8375, 9026, 9240, 9278, 9339, 9635, 9727, 9887, 9974]
12 [190, 295, 587, 780, 1025, 1188, 1194, 1474, 1516, 1649, 1770, 1825, 1998, 2040, 2060, 2178, 2418, 2630, 3046, 3239, 3455, 3500, 3583, 3719, 3721, 3894, 4291, 4327, 4455, 4489, 4719, 4793, 4887, 5049, 5188, 5193, 5225, 5423, 5578, 5778, 5814, 5989, 6149, 6352, 6460, 6517, 6527, 6861, 6873, 7080, 7116, 7452, 7461, 7474, 7583, 7995, 8052, 8147, 8248, 8489, 8773, 9131, 9175, 9500, 9530, 9584, 9809]
13 [94, 193, 619, 766, 822, 1143, 1271, 1427, 1445, 1478, 1489, 1662, 2019, 2203, 2484, 2591, 2665, 2719, 2832, 3276, 3478, 3701, 3755, 3868, 3947, 4104, 4129, 4173, 4185, 4296, 4307, 4434, 4468, 4788, 4998, 5015, 5020, 5064, 5163, 5184, 5201, 5634, 5748, 5853, 5920, 6116, 6176, 6339, 6411, 7133, 7441, 7508, 7812, 7816, 8023, 8085, 8126, 8596, 8655, 8663, 8920, 9232, 9252, 9572, 9815, 9835, 9930]
14 [472, 473, 681, 694, 789, 875, 928, 1209, 1505, 1767, 2210, 2572, 2906, 2975, 3057, 3090, 3199, 3354, 3779, 3976, 4070, 4447, 4531, 4622, 4742, 4843, 4946, 4966, 5085, 5123, 5198, 5209, 5292, 5474, 5507, 5770, 5858, 6103, 6146, 6320, 6397, 6434, 6699, 6737, 6786, 7022, 7049, 7117, 7166, 7238, 7504, 7726, 7848, 7911, 8049, 8136, 8299, 8546, 8548, 8961, 8990, 9067, 9163, 9305, 9509, 9986, 9996]
15 [6, 62, 317, 540, 650, 751, 769, 811, 902, 992, 1085, 1184, 1423, 1510, 1572, 1588, 1687, 1882, 2051, 2145, 2267, 2315, 2415, 2712, 2774, 2834, 2946, 2948, 3153, 3319, 3831, 3884, 3930, 3985, 4234, 4345, 4415, 4435, 4519, 4736, 4894, 5029, 5119, 5218, 5249, 5455, 5516, 5519, 5532, 5762, 6037, 6044, 6417, 6418, 6475, 6778, 7128, 7194, 7298, 7333, 7379, 7445, 7750, 7800, 8143, 8231, 8447, 8598, 8604, 8648, 8732, 8780, 8800, 8834, 9014, 9110, 9142, 9266, 9362, 9412, 9531, 9611, 9647, 9743]
16 [25, 131, 218, 251, 296, 407, 440, 862, 1050, 1172, 1419, 1540, 1594, 1628, 1720, 1846, 2070, 2098, 2154, 2290, 2565, 2578, 2632, 2686, 2987, 2994, 3109, 3238, 3334, 3415, 3570, 3627, 4162, 4361, 4538, 4855, 4890, 4922, 4994, 5251, 5269, 5294, 5315, 5431, 5463, 5527, 5760, 5811, 5865, 5884, 5894, 5987, 6051, 6057, 6166, 6457, 6752, 7174, 7459, 7500, 7571, 7779, 7880, 7975, 8075, 8308, 8414, 8486, 8518, 8530, 8636, 8741, 8806, 9074, 9156, 9534, 9555, 9655, 9992]
17 [49, 107, 467, 624, 666, 1051, 1296, 1358, 1439, 1552, 1613, 1617, 1639, 1776, 1835, 2004, 2063, 2250, 2252, 2437, 2514, 2850, 3165, 3175, 3553, 3706, 3931, 4122, 4133, 4194, 4231, 4437, 4807, 4879, 4904, 4930, 5041, 5205, 5400, 5581, 5857, 5880, 6011, 6083, 6172, 6246, 6406, 6629, 6812, 6854, 6882, 7107, 7234, 7498, 7519, 7691, 7867, 7992, 8024, 8421, 8477, 8496, 8523, 8570, 8719, 8857, 8989, 9127, 9287, 9438, 9522]
18 [178, 286, 529, 891, 1309, 1939, 2042, 2364, 2838, 2939, 3140, 3335, 3506, 4042, 4268, 4590, 4669, 4987, 5069, 5206, 5539, 5859, 6001, 6282, 6462, 6554, 6659, 6664, 6933, 7287, 7517, 7645, 7813, 7847, 7944, 7964, 7969, 8208, 8214, 8351, 8370, 8640, 8665, 8692, 8698, 9009, 9192, 9281, 9328, 9781, 9951, 9970]
19 [122, 264, 310, 326, 435, 537, 654, 656, 843, 1069, 1124, 1151, 1217, 1372, 1440, 1590, 1790, 1973, 1977, 2078, 2116, 2182, 2291, 2341, 2342, 2462, 2489, 2895, 3114, 3342, 3423, 3590, 3798, 3939, 4059, 4161, 4276, 4419, 4474, 4485, 4508, 4757, 4873, 5067, 5128, 5180, 5244, 5461, 5530, 5901, 5915, 6130, 6427, 6645, 6849, 6853, 6913, 7138, 7157, 7220, 7338, 7357, 7382, 7434, 7444, 7563, 7566, 7647, 7659, 8014, 8224, 8383, 8445, 8630, 8700, 8710, 9040, 9047, 9092, 9113, 9124, 9144, 9162, 9189, 9290, 9663, 9780, 9964]
20 [30, 111, 125, 157, 562, 613, 840, 880, 1054, 1076, 1341, 1434, 1525, 1652, 1674, 1740, 1789, 1947, 2086, 2108, 2152, 2161, 2269, 2386, 2389, 2470, 2576, 2577, 2661, 2684, 2802, 2917, 2965, 3186, 3203, 3286, 3293, 3299, 3317, 3322, 3349, 3409, 3568, 3912, 4010, 4061, 4125, 4159, 4186, 4214, 4259, 4444, 4668, 4722, 4847, 4918, 5096, 5473, 5603, 5683, 5699, 5799, 5926, 5995, 6098, 6141, 6233, 6245, 6364, 6491, 6594, 6619, 6655, 6943, 7063, 7192, 7291, 7319, 7456, 7499, 7535, 7542, 7543, 8022, 8209, 8666, 8753, 9003, 9056, 9087, 9089, 9344, 9409, 9593, 9600, 9873]
21 [24, 93, 95, 126, 243, 687, 716, 729, 849, 916, 989, 1030, 1120, 1197, 1199, 1619, 1621, 1624, 1715, 1732, 1853, 1893, 1897, 1957, 2021, 2041, 2092, 2130, 2287, 2657, 2793, 2864, 2897, 2900, 3025, 3033, 3045, 3222, 3255, 3345, 3442, 3456, 3528, 3809, 3875, 3998, 4094, 4164, 4181, 4187, 4473, 4512, 4585, 5076, 5090, 5120, 5167, 5252, 5274, 5466, 5574, 5663, 6027, 6353, 6387, 6639, 6675, 6718, 6932, 6946, 7079, 7243, 7325, 7491, 8054, 8063, 8222, 8295, 8342, 8430, 8743, 8776, 8859, 9024, 9170, 9393, 9437, 9472, 9479, 9523, 9526, 9818, 9921]
22 [79, 90, 182, 450, 451, 649, 934, 1163, 1310, 1428, 1586, 1806, 1807, 1875, 1927, 1930, 1982, 2125, 2189, 2223, 2463, 2487, 2533, 2586, 2836, 2936, 2945, 3210, 3282, 3659, 3683, 4206, 4321, 4369, 4475, 4656, 4704, 4769, 4771, 5147, 5236, 5319, 5414, 5690, 5768, 5845, 5978, 6165, 6238, 6267, 6269, 6482, 6500, 6508, 6673, 6774, 6795, 6841, 6890, 7224, 7275, 7362, 7626, 7917, 7933, 7959, 8036, 8074, 8122, 8949, 9172, 9303, 9321, 9471, 9533, 9594]
23 [139, 240, 801, 935, 1066, 1086, 1134, 1354, 1393, 1551, 1606, 1890, 2307, 2447, 2491, 2500, 2524, 2538, 2991, 2999, 3007, 3088, 3205, 3494, 3555, 3572, 3595, 3678, 3928, 3938, 4207, 4777, 4782, 4858, 4920, 5023, 5567, 5641, 5652, 5951, 6003, 6107, 6188, 6240, 6781, 6892, 7072, 7103, 7191, 7332, 7402, 7479, 7699, 7910, 7931, 7970, 8215, 8495, 8703, 8760, 9077, 9106, 9199, 9545, 9571, 9641, 9664, 9765]
24 [41, 144, 195, 233, 241, 858, 973, 1167, 1447, 1612, 1648, 1892, 1917, 2216, 2775, 2943, 2968, 3207, 3385, 3417, 3529, 3782, 3914, 4023, 4205, 4392, 4407, 4418, 4422, 4564, 4591, 4614, 4675, 4781, 4815, 5246, 5456, 5677, 5788, 5792, 5835, 5990, 6258, 6361, 6571, 6627, 6747, 6748, 6800, 6984, 7277, 7312, 7448, 7603, 7777, 8306, 8567, 8781, 8840, 9159, 9497, 9735, 9760, 9834, 9841]
25 [38, 479, 697, 753, 1010, 1116, 1383, 1390, 1471, 1655, 1657, 1850, 2045, 2204, 2368, 2385, 2529, 2582, 2717, 2938, 3072, 3150, 3226, 3394, 3646, 3790, 3895, 4306, 4339, 4384, 4568, 4638, 4942, 5140, 5195, 5202, 5349, 5406, 5566, 6169, 6451, 6514, 6582, 6840, 7013, 7195, 7337, 7524, 7741, 7907, 8034, 8353, 8992, 9184, 9331, 9365, 9516, 9596, 9767]
26 [100, 380, 456, 549, 567, 638, 705, 834, 885, 1049, 1072, 1256, 1356, 1499, 1506, 2222, 2259, 2317, 2327, 2424, 2527, 2561, 2687, 2708, 2763, 3092, 3180, 3188, 3418, 3428, 3686, 3781, 3918, 3943, 4163, 5289, 5341, 5393, 5869, 5887, 6438, 6502, 6540, 6818, 6902, 7020, 7040, 7203, 7271, 7295, 7387, 7460, 7539, 7558, 7849, 7996, 8047, 8153, 8404, 8610, 8758, 8987, 9263, 9405, 9468, 9972]
27 [92, 112, 2786, 2837, 2860, 2884, 3069, 3699, 4057, 4222, 4246, 4402, 4510, 5169, 5363, 6288, 6518, 6537, 6715, 7018, 7205, 7511, 7881, 7937, 9979]
28 [184, 185, 282, 309, 566, 675, 907, 972, 1075, 1137, 1339, 1422, 1459, 1460, 1761, 1888, 1992, 2118, 2246, 2589, 2606, 2691, 3544, 3654, 3670, 3937, 4570, 4573, 4664, 4869, 4939, 5116, 5135, 5166, 5172, 5392, 5411, 5479, 5482, 5522, 5617, 5836, 5879, 6059, 6093, 6184, 6251, 6597, 6719, 6801, 7054, 7204, 7436, 7596, 7998, 8170, 8190, 8274, 8368, 8446, 8510, 8592, 8668, 8779, 8972, 9000, 9128, 9130, 9501, 9550, 9697]
29 [23, 84, 373, 386, 530, 709, 799, 1013, 1090, 1207, 1452, 1689, 1773, 1838, 1938, 1951, 2231, 2331, 2508, 2554, 2904, 2985, 3369, 3459, 3596, 3987, 4263, 4286, 4300, 4397, 4882, 5353, 5579, 6073, 6084, 6257, 6274, 6281, 6509, 6822, 6968, 6999, 7082, 7374, 7377, 7381, 7788, 7952, 7971, 7987, 8017, 8254, 8641, 8721, 8754, 8835, 8888, 9117, 9140, 9538, 9740, 9772, 9837, 9885, 9960]
30 [393, 552, 597, 670, 1008, 1039, 1113, 1229, 1490, 1692, 1716, 1722, 1831, 1972, 2030, 2353, 2423, 2932, 2958, 2982, 3156, 3158, 3272, 3310, 3741, 4017, 4566, 4592, 4743, 4770, 4776, 4826, 4940, 5157, 5213, 5247, 5255, 5464, 5585, 5750, 5791, 5803, 6006, 6305, 6349, 6385, 6471, 6756, 6904, 7241, 7254, 7466, 7791, 7836, 7953, 8266, 8288, 8660, 8685, 8827, 9090, 9121, 9233, 9422, 9457, 9461, 9577, 9628, 9658, 9823, 9980, 9993]
31 [207, 239, 257, 307, 315, 436, 706, 833, 1170, 1226, 1493, 1564, 1849, 1961, 2136, 2157, 2360, 2598, 2617, 2873, 2929, 2974, 3166, 3258, 3389, 3401, 3480, 3556, 3746, 3934, 3991, 3997, 4709, 4758, 4801, 4867, 4945, 4976, 5381, 5525, 5615, 5712, 5794, 5878, 5908, 6000, 6119, 6255, 6422, 6484, 6538, 6567, 6599, 6646, 6686, 6898, 6938, 7108, 7147, 7527, 7587, 7701, 8263, 8285, 8362, 8429, 8539, 8681, 8694, 8884, 8912, 9033, 9511, 9713, 9836, 9895, 9909, 9926]
32 [55, 75, 689, 710, 739, 815, 824, 1147, 2319, 2390, 2409, 2465, 2507, 2754, 2773, 2818, 3366, 3462, 3589, 4020, 4707, 5070, 5107, 5273, 5334, 5511, 5701, 5714, 5761, 5847, 6100, 6158, 6470, 6658, 6665, 6976, 7155, 7162, 7247, 7416, 7576, 7579, 8134, 8556, 8860, 8993, 9227, 9402, 9699, 9820, 9868]
33 [1, 124, 134, 371, 791, 861, 904, 1077, 1306, 1593, 1647, 1695, 1749, 1817, 2002, 2139, 2411, 2431, 2469, 2478, 3032, 3202, 3220, 3324, 4149, 4527, 4712, 4844, 4993, 5373, 5610, 5723, 5785, 6040, 6308, 6444, 6562, 6862, 6945, 7478, 7709, 7918, 8067, 8270, 8410, 8415, 8524, 8657, 8873, 8913, 9078, 9154, 9702, 9738, 9757, 9961]
34 [338, 669, 959, 969, 1133, 1227, 1320, 1403, 1432, 1698, 1783, 1799, 2336, 2349, 2435, 2518, 2544, 2756, 2828, 3136, 3605, 3607, 3608, 3644, 3823, 3908, 4003, 4049, 4255, 4264, 4277, 4313, 4441, 4703, 4754, 4991, 5084, 5726, 5889, 5945, 6162, 6163, 6505, 6545, 6693, 7225, 7248, 7317, 7373, 7621, 7924, 7973, 8100, 8109, 8132, 8185, 8187, 8405, 8618, 8672, 8715, 8731, 8735, 8762, 9148, 9496, 9686, 9842]
35 [99, 512, 534, 551, 589, 842, 955, 987, 1126, 1294, 1348, 1747, 2022, 2026, 2497, 2641, 2803, 3003, 3126, 3481, 3720, 4006, 4178, 4227, 4317, 4484, 5017, 5026, 5183, 5345, 5623, 5808, 5897, 5971, 5980, 6002, 6225, 6534, 6585, 6611, 6624, 6669, 6819, 6937, 7000, 7290, 7533, 7674, 7682, 7905, 8012, 8062, 8138, 8396, 8803, 9139, 9579]
36 [160, 252, 331, 438, 496, 517, 570, 817, 890, 996, 1065, 1203, 1228, 1567, 1918, 1943, 1948, 1969, 2016, 2083, 2132, 2397, 2633, 2737, 2739, 2743, 2964, 3022, 3133, 3162, 3245, 3257, 3443, 3841, 3996, 4558, 4833, 5177, 5271, 5352, 5376, 5697, 5704, 5707, 6028, 6045, 6076, 6148, 6302, 6439, 6499, 6533, 6623, 6630, 6662, 6893, 6935, 7062, 7168, 7307, 7327, 7454, 7716, 7753, 7765, 8084, 8239, 8328, 8494, 8624, 8821, 8882, 9065, 9241, 9291, 9352, 9378, 9475, 9582, 9645, 9719, 9789, 9899]
37 [39, 98, 171, 320, 352, 480, 528, 688, 808, 895, 922, 993, 1016, 1148, 1282, 1323, 1503, 1635, 1736, 1886, 2065, 2285, 2372, 2441, 2455, 2495, 2637, 2701, 2855, 3108, 3242, 3246, 3321, 3476, 3677, 3970, 4007, 4032, 4134, 4158, 4250, 4256, 4521, 4639, 4694, 4802, 4849, 5011, 5124, 5321, 5417, 5609, 5635, 5682, 5734, 5828, 5886, 6122, 6211, 6322, 6412, 6529, 6588, 6790, 6824, 6961, 7051, 7198, 7206, 7257, 7597, 7722, 8112, 8177, 8360, 8436, 8509, 8678, 8738, 8896, 9015, 9196, 9723, 9889, 9929]
38 [465, 490, 506, 577, 742, 787, 1101, 1179, 1189, 1234, 1240, 1336, 1388, 1703, 1708, 1788, 1958, 1990, 2140, 2266, 2281, 2301, 2366, 2401, 2742, 2768, 2781, 2820, 2862, 3000, 3155, 3329, 3362, 3501, 3827, 3859, 3961, 3988, 4117, 4323, 4347, 4509, 4545, 5068, 5159, 5570, 5802, 5843, 6091, 6346, 6605, 6626, 6856, 6917, 6982, 7016, 7193, 7216, 7904, 7993, 8108, 8247, 8304, 8366, 8515, 8593, 8645, 8748, 8818, 8894, 8977, 9022, 9051, 9176, 9349, 9359, 9410, 9764, 9777, 9829]
39 [26, 147, 180, 249, 361, 599, 771, 839, 1052, 1264, 1495, 1546, 1963, 2023, 2037, 2055, 2562, 2627, 2650, 2729, 3139, 3247, 3298, 3347, 3470, 3579, 3586, 3693, 3716, 3855, 3872, 4183, 4383, 4800, 4804, 4809, 4999, 5250, 5378, 5505, 5577, 5633, 5659, 5740, 5940, 6015, 6042, 6112, 6117, 6134, 6145, 6218, 6340, 6370, 6419, 6543, 6695, 6733, 6734, 6760, 6777, 6998, 7096, 7654, 7698, 7739, 7781, 7868, 7957, 8058, 8233, 8312, 8369, 8406, 8453, 8472, 8521, 8579, 8994, 9012, 9262, 9421, 9736, 9742, 9766]
40 [14, 179, 186, 278, 341, 355, 390, 400, 871, 962, 1629, 1710, 1766, 1910, 2049, 2292, 2443, 2679, 2721, 3002, 3524, 3794, 3967, 3984, 4166, 4355, 4528, 4725, 4905, 4959, 5259, 5338, 5509, 5608, 5766, 6009, 6031, 6216, 6270, 6420, 6431, 6454, 6724, 6826, 6860, 7105, 7267, 7335, 7358, 7383, 7430, 7431, 7764, 7878, 7899, 8072, 8192, 8264, 8492, 8558, 8706, 8822, 8899, 9141, 9316, 9569, 9637, 9689, 9788, 9791, 9814]
41 [32, 46, 312, 382, 483, 505, 585, 640, 745, 876, 1029, 1070, 1160, 1208, 1210, 1239, 1286, 1289, 1391, 1627, 1968, 1975, 2001, 2071, 2106, 2120, 2126, 2142, 2177, 2240, 2380, 2460, 2649, 2788, 2869, 2951, 3055, 3145, 3181, 3230, 3445, 3474, 3576, 3671, 3795, 3825, 3864, 3971, 3974, 4012, 4038, 4047, 4123, 4272, 4425, 4428, 4543, 4578, 4741, 4903, 5037, 5057, 5222, 5593, 5806, 5839, 5899, 6338, 6464, 6633, 6743, 6782, 6940, 7058, 7124, 7182, 7227, 7347, 7531, 7664, 7693, 7718, 7921, 8031, 8148, 8232, 8311, 8371, 8417, 8426, 8582, 9010, 9038, 9181, 9310, 9469, 9581, 9605, 9746, 9776]
42 [58, 313, 425, 555, 945, 1620, 2570, 3104, 3291, 4118, 4609, 4611, 4992, 5210, 5231, 5399, 5905, 6055, 7078, 7367, 7407, 8324, 8454, 9261, 9318, 9406, 9575, 9998]
43 [15, 66, 104, 117, 561, 604, 981, 982, 1200, 1376, 1397, 1433, 1515, 1559, 1872, 1926, 2039, 2249, 2395, 2553, 2760, 2791, 2990, 3125, 3135, 3192, 3309, 3387, 3509, 3547, 3597, 4072, 4155, 4266, 4303, 4333, 4432, 4496, 4606, 4634, 4711, 5027, 5131, 5277, 5348, 5453, 5923, 5964, 5979, 6124, 6175, 6448, 6544, 6564, 6654, 6869, 7263, 7521, 7670, 7833, 7855, 8057, 8181, 8318, 8347, 8397, 8545, 8842, 9109, 9314, 9353, 9660, 9684, 9933]
44 [206, 293, 590, 936, 1446, 1705, 1772, 1880, 2595, 2601, 2653, 2723, 2750, 2852, 3275, 3505, 3761, 3883, 4078, 4154, 4875, 5033, 5111, 5204, 5330, 5339, 5441, 5759, 5892, 5902, 6344, 6468, 7094, 7115, 8938, 9308, 9332, 9705]
45 [154, 522, 568, 918, 1757, 2605, 3214, 3619, 5160, 5382, 6273, 6458, 6550, 6797, 7547, 7732, 7915, 7960, 7979, 8237, 9198, 9505, 9618]
46 [346, 521, 616, 724, 802, 1168, 1259, 1270, 1444, 1665, 1682, 1848, 1978, 2187, 2358, 2521, 2610, 2705, 2755, 2874, 3062, 3116, 3365, 3472, 3519, 3689, 3820, 3834, 4015, 4018, 4170, 4176, 4265, 4393, 4684, 4690, 4728, 4750, 4836, 4852, 4857, 5197, 5602, 5797, 5831, 5903, 5916, 5936, 6058, 6230, 6291, 6357, 6465, 6980, 7044, 7061, 7221, 7231, 7617, 7707, 7826, 7897, 7983, 8331, 8413, 8499, 8946, 9224, 9323, 9408, 9576, 9763]
47 [102, 508, 559, 841, 949, 961, 1198, 1360, 1535, 1608, 1653, 1928, 2270, 2654, 2800, 3073, 3811, 3832, 3865, 3969, 4089, 4224, 4581, 4729, 4975, 5019, 5145, 5158, 5266, 5620, 5645, 5854, 6004, 6032, 6174, 6313, 6359, 6708, 6741, 6983, 7719, 8039, 8356, 8606, 8885, 8917, 8951, 8979, 9099, 9687, 9715]
48 [354, 615, 626, 752, 790, 923, 1023, 1096, 1218, 1321, 1404, 1463, 1671, 1812, 1829, 2066, 2082, 2148, 2242, 3054, 3240, 3256, 3376, 3525, 3558, 3606, 3715, 3732, 3857, 4128, 4147, 4461, 4487, 4892, 4927, 4960, 5003, 5112, 5114, 5162, 5175, 5216, 5342, 5430, 5460, 5469, 5572, 5612, 5650, 5691, 6022, 6144, 6279, 6343, 6382, 6416, 6449, 6547, 6730, 6914, 7109, 7110, 7160, 7209, 7249, 7289, 7489, 7569, 7640, 7806, 7871, 8183, 8257, 8300, 8457, 8460, 8627, 8763, 8929, 8981, 9007, 9017, 9205, 9276, 9654, 9833]
49 [21, 42, 212, 397, 492, 565, 990, 1064, 1074, 1153, 1185, 1307, 1553, 1748, 1832, 1840, 1906, 1962, 2024, 2053, 2111, 2165, 2196, 2413, 2683, 2710, 2779, 3173, 3243, 3267, 3290, 3392, 3424, 3466, 3580, 3710, 3774, 3796, 3800, 3838, 4025, 4088, 4124, 4142, 4160, 4192, 4261, 4358, 4381, 4408, 4615, 4739, 4919, 4967, 5006, 5045, 5053, 5104, 5192, 5235, 5280, 5374, 5695, 5790, 5815, 5997, 6072, 6179, 6208, 6501, 6569, 6650, 6674, 6736, 7039, 7217, 7746, 8103, 8202, 8373, 8412, 8427, 8456, 8807, 9133, 9381, 9499, 9564, 9786, 9793, 9822, 9973]
50 [1500, 2640, 2711, 3634, 3639, 4302, 4308, 4445, 4467, 7075, 7292, 7386, 8718, 9195, 9498]
51 [3, 148, 271, 433, 909, 953, 963, 1032, 1175, 1273, 1454, 1484, 1760, 1782, 2005, 2232, 2579, 2620, 2937, 3305, 3337, 3352, 3502, 3684, 3742, 3759, 3968, 4022, 4373, 4394, 4514, 4968, 4982, 5219, 5375, 5386, 5484, 5627, 5646, 5820, 5944, 6152, 6194, 6215, 6558, 6575, 6668, 6681, 6729, 6911, 6965, 7104, 7181, 7229, 7284, 7356, 7483, 7714, 7756, 7785, 7787, 8505, 8549, 8707, 8788, 8829, 9103, 9193, 9778, 9847, 9997]
52 [57, 138, 813, 894, 929, 967, 1021, 1144, 1384, 1417, 1891, 2150, 2159, 2408, 3482, 3791, 3999, 4542, 4553, 4657, 4730, 4747, 4931, 5081, 5223, 5410, 5661, 5846, 5868, 6137, 6260, 6264, 6295, 6332, 6405, 6426, 6773, 6820, 6926, 7438, 7631, 7734, 7827, 7896, 8346, 8398, 8557, 9399, 9427, 9688, 9771]
53 [19, 245, 418, 515, 793, 807, 847, 848, 873, 968, 998, 1159, 1265, 1344, 1380, 1457, 1485, 1650, 1706, 1743, 1859, 1863, 1870, 1878, 1966, 2017, 2058, 2175, 2199, 2414, 2430, 2467, 2523, 2752, 2854, 2890, 2894, 2903, 3056, 3059, 3355, 3358, 3421, 3531, 3592, 3885, 4217, 4411, 4534, 4572, 4767, 4896, 5001, 5022, 5065, 5607, 5727, 5917, 6199, 6516, 6641, 6660, 6931, 6975, 7041, 7268, 7401, 7453, 7518, 7679, 7796, 7869, 7941, 8025, 8188, 8552, 8671, 8726, 8746, 8765, 8900, 8903, 8925, 8980, 9449, 9544, 9588, 9629, 9672, 9690, 9698, 9831, 9956]
54 [82, 166, 519, 768, 825, 878, 938, 941, 1255, 1473, 1526, 1533, 1630, 1742, 1755, 1764, 2073, 2313, 2410, 2459, 2694, 3052, 3227, 3486, 3632, 3665, 3679, 3844, 3903, 4063, 4216, 4229, 4230, 4233, 4389, 4575, 4811, 4832, 4932, 4990, 5300, 5514, 5616, 5622, 5708, 5866, 6038, 6312, 6351, 6429, 6604, 6754, 6876, 6986, 7261, 7361, 7523, 7598, 7720, 7842, 7942, 7997, 8020, 8053, 8158, 8433, 8561, 8566, 9041, 9207, 9430, 9520, 9677, 9955]
55 [792, 1038, 1071, 1520, 2420, 2659, 3058, 3692, 3874, 4563, 4791, 5256, 5575, 6580, 6705, 6721, 7574, 8171, 9111, 9883]
56 [34, 44, 119, 557, 593, 913, 925, 943, 1268, 1275, 1451, 1558, 1575, 1659, 1700, 1777, 1856, 1922, 2114, 2183, 2379, 2404, 2699, 2753, 2941, 3098, 3303, 3403, 3433, 3440, 3465, 3539, 3758, 3764, 3773, 3822, 3956, 4060, 4232, 4309, 4362, 4465, 4547, 4599, 4642, 4665, 4774, 4913, 5000, 5245, 5358, 5448, 5470, 5678, 5722, 5758, 5765, 5827, 5837, 6106, 6232, 6271, 6319, 6354, 6487, 6548, 6950, 7118, 7132, 7176, 7419, 7450, 7486, 7493, 7831, 7856, 8018, 8050, 8283, 8382, 8478, 8522, 8555, 9086, 9098, 9157, 9211, 9302, 9340, 9439, 9621, 9773, 9796, 9950]
57 [53, 108, 118, 231, 391, 405, 828, 1062, 1204, 1426, 1441, 1537, 1578, 1677, 1719, 1842, 2061, 2088, 2255, 2257, 2296, 2604, 2676, 3123, 3225, 3292, 3435, 3451, 3801, 3870, 3958, 4150, 4360, 4637, 4697, 4780, 4948, 5214, 5309, 5552, 5852, 5863, 5914, 6095, 6197, 6263, 6532, 6536, 6750, 6857, 6912, 7064, 7190, 7350, 7418, 7727, 7730, 7832, 8066, 8077, 8157, 8684, 8723, 8841, 8861, 8939, 8974, 9050, 9244, 9566, 9595, 9656, 9852, 9862]
58 [36, 47, 149, 156, 196, 353, 460, 507, 578, 796, 803, 1145, 1155, 1212, 1327, 1491, 1568, 1913, 2012, 2100, 2321, 2396, 2421, 2556, 2603, 2882, 3537, 3655, 3933, 4463, 4506, 4515, 4588, 4693, 4821, 4870, 4881, 5008, 5009, 5110, 5129, 5149, 5317, 5437, 5568, 5715, 5732, 5736, 5738, 5756, 5893, 5932, 6075, 6574, 6653, 7119, 7131, 7207, 7389, 7559, 7570, 7658, 7823, 7866, 7900, 7962, 7994, 7999, 8082, 8165, 8219, 8391, 8455, 8503, 8519, 8693, 8944, 8947, 8953, 8966, 9030, 9081, 9377, 9388, 9429, 9447, 9504, 9662, 9676, 9871, 9878, 9880, 9927]
59 [109, 153, 1089, 1292, 1293, 1501, 1544, 1601, 1636, 1737, 1774, 1855, 1898, 2032, 2087, 2191, 2233, 2260, 2355, 2402, 2584, 2629, 2770, 2801, 2931, 3195, 3551, 3808, 3842, 3917, 4083, 4136, 4137, 4353, 4370, 4583, 4685, 4726, 4874, 4925, 5238, 5344, 5434, 5499, 5528, 5629, 5669, 5796, 5822, 5925, 5977, 6128, 6164, 6595, 6607, 6618, 6768, 6835, 6973, 7015, 7514, 7602, 7837, 7948, 8094, 8097, 8200, 8449, 8483, 8729, 8768, 8794, 8936, 8983, 9035, 9101, 9336, 9392, 9513, 9700, 9761, 9821, 9900]
60 [335, 635, 722, 763, 785, 931, 970, 1011, 1063, 1107, 1178, 1223, 1911, 2235, 2286, 2335, 2399, 2504, 2551, 2810, 2851, 2950, 3034, 3244, 3323, 3357, 3436, 3541, 3848, 3905, 3992, 4130, 4179, 4310, 4492, 4723, 5186, 5313, 5384, 5439, 5553, 5561, 5657, 5816, 5965, 6250, 6275, 6563, 6661, 6870, 6966, 7451, 7488, 7492, 7552, 7834, 7844, 8035, 8129, 8163, 8174, 8196, 8221, 8380, 8534, 8613, 8933, 9006, 9057, 9069, 9219, 9394, 9854]
61 [31, 332, 1127, 1338, 1625, 1658, 1729, 1903, 1970, 1997, 2294, 2394, 2412, 2526, 2674, 2785, 2812, 2916, 2981, 3704, 3836, 4120, 4297, 4312, 4331, 4562, 4607, 4629, 4845, 4988, 5138, 5151, 5270, 5318, 5346, 5357, 5365, 5394, 5625, 5959, 5991, 6224, 6342, 6590, 6689, 7184, 7331, 7369, 7465, 7589, 7663, 7821, 8021, 8110, 8195, 8198, 8245, 8361, 8564, 8775, 9064, 9068, 9119, 9168, 9391, 9444, 9489, 9592, 9724, 9840]
62 [279, 333, 524, 556, 728, 826, 942, 1157, 1456, 1536, 1726, 2274, 2782, 3128, 3224, 3361, 3395, 3521, 3601, 3847, 4052, 4132, 4977, 4978, 5028, 5436, 5476, 5592, 5658, 5789, 5840, 5906, 5931, 5967, 6014, 6222, 6615, 6939, 7129, 7187, 7197, 7199, 7435, 7588, 7642, 7951, 8180, 8262, 8587, 8621, 8838, 8855, 8880, 8923, 8950, 9071, 9274, 9563, 9639, 9794, 9908, 9943]
63 [40, 872, 1183, 1678, 2112, 2276, 2438, 2704, 2823, 3994, 4714, 4850, 5055, 5767, 7449, 7572, 7735, 8184, 8403, 8642, 8711, 9830]
64 [360, 520, 667, 775, 781, 1253, 1262, 1502, 1940, 2543, 2634, 3749, 3784, 3983, 4687, 5233, 5299, 5347, 7296, 7529, 8635, 8704, 8787, 8852, 9440, 9783, 9906]
65 [234, 389, 446, 704, 810, 1146, 1332, 1359, 1462, 1543, 1632, 1717, 1795, 1924, 1929, 2003, 2318, 2519, 2695, 2798, 3248, 3370, 3372, 3454, 3585, 3664, 3739, 3982, 4119, 4184, 4236, 4458, 4493, 4497, 4550, 4842, 5688, 5783, 5928, 6077, 6143, 6276, 6583, 6878, 6941, 6969, 6988, 7170, 7228, 7235, 7246, 7711, 7778, 7864, 8073, 8091, 8349, 8620, 8898, 9104, 9330, 9382, 9400, 9414, 9562, 9762]
66 [155, 285, 415, 651, 663, 845, 893, 1467, 1523, 1964, 1965, 2265, 2359, 2440, 3259, 3660, 3694, 3772, 3972, 4075, 4501, 4618, 4914, 5060, 5310, 5336, 5541, 5737, 5787, 5938, 6113, 6229, 6331, 6335, 6436, 6666, 6771, 6997, 7113, 7447, 7667, 7803, 7906, 8162, 8467, 8632, 8691, 8837, 8927, 9458, 9535, 9606, 9747, 9827]
67 [2325, 5560]
68 [202, 253, 342, 350, 424, 510, 571, 679, 733, 867, 933, 956, 1276, 1305, 1355, 1394, 1421, 1604, 1660, 1802, 1879, 2153, 2236, 2258, 2298, 2493, 2588, 2749, 2813, 2875, 2889, 2892, 2995, 3204, 3339, 3383, 3571, 3833, 3909, 4121, 4167, 4172, 4189, 4212, 4343, 4421, 4584, 4598, 4651, 4674, 4866, 4916, 4973, 5014, 5018, 5098, 5136, 5468, 5537, 5630, 5660, 5743, 5953, 6181, 6235, 6410, 6425, 6572, 6810, 6864, 6881, 7047, 7098, 7145, 7342, 7363, 7446, 7526, 7548, 7649, 7668, 8128, 8290, 8350, 8482, 8493, 8514, 8633, 8659, 8733, 8734, 9043, 9210, 9599, 9923, 9924]
69 [13, 59, 105, 384, 495, 889, 908, 975, 1129, 1205, 1221, 1522, 1534, 1554, 1685, 1735, 1745, 1874, 1931, 1935, 2057, 2277, 2354, 2439, 2505, 2660, 2731, 2829, 3077, 3082, 3228, 3279, 3302, 3593, 3738, 3743, 3837, 3851, 4048, 4105, 4193, 4235, 4416, 4650, 4816, 4841, 5093, 5187, 5551, 5576, 5600, 5918, 5939, 6290, 6318, 6337, 6466, 6670, 6769, 6793, 6867, 7030, 7101, 7165, 7167, 7528, 7939, 8111, 8287, 8307, 8450, 8461, 8484, 8654, 8682, 8756, 8770, 8907, 8932, 8959, 8991, 9208, 9230, 9242, 9255, 9404, 9428, 9718, 9726, 9866, 9867, 9919, 9946]
70 [18, 20, 128, 266, 776, 798, 1095, 1258, 1472, 1798, 1824, 2371, 2400, 2530, 2645, 2880, 2896, 3211, 3217, 3250, 3331, 3776, 4009, 4557, 4701, 4963, 5435, 5450, 5584, 5668, 5848, 5975, 6043, 6047, 6049, 6167, 6219, 6697, 6847, 7025, 7120, 7122, 7380, 7442, 7482, 7744, 7745, 7861, 8093, 8099, 8106, 8291, 8303, 8480, 8508, 8595, 8614, 8865, 9146, 9289, 9435, 9470, 9565, 9865]
71 [4, 10, 56, 80, 115, 229, 330, 412, 755, 837, 853, 1024, 1322, 1638, 1860, 2091, 2135, 2164, 2247, 2549, 2575, 2621, 2908, 2913, 3021, 3137, 3152, 3285, 3289, 3439, 3471, 3612, 3672, 3911, 3964, 4000, 4092, 4228, 4661, 4764, 4803, 5039, 5133, 5153, 5194, 5196, 5232, 5241, 5264, 5443, 5656, 5864, 5875, 5888, 5941, 6054, 6108, 6283, 6392, 6593, 6717, 6953, 7048, 7100, 7180, 7212, 7316, 7330, 7703, 7725, 8297, 8336, 8459, 8541, 8764, 8849, 8911, 8943, 9023, 9049, 9135, 9216, 9306, 9481, 9515, 9549, 9597, 9620]
72 [2, 392, 601, 910, 1004, 1068, 1723, 2104, 2481, 2703, 2732, 3067, 3194, 3496, 3594, 3642, 3647, 3845, 4090, 4254, 4267, 4446, 4533, 4652, 4921, 5618, 5747, 5771, 6202, 6311, 6355, 7053, 7134, 7169, 7299, 7304, 7715, 7798, 8206, 8588, 8809, 9286, 9680, 9682, 9850, 9912]
73 [43, 474, 560, 690, 1037, 1378, 1750, 1986, 2076, 2173, 2186, 2226, 2280, 2322, 2361, 2482, 2574, 2592, 2794, 2969, 3004, 3147, 3213, 3396, 3408, 3483, 3488, 3495, 3633, 4199, 4282, 4537, 5667, 5755, 5907, 5909, 6248, 6287, 6404, 6613, 6894, 7553, 7954, 8009, 8037, 8197, 8220, 8230, 8279, 8440, 8585, 8608, 8727, 9258, 9540, 9717, 9959]
74 [394, 494, 696, 960, 1555, 1602, 1920, 2513, 2841, 2967, 3161, 3923, 4102, 4108, 4298, 4375, 4442, 5154, 5471, 5480, 5982, 6147, 6171, 6201, 6437, 6578, 6632, 6763, 6765, 7189, 7336, 7724, 7743, 7888, 8322, 9235, 9265, 9267, 9373, 9502, 9679, 9944]
75 [11, 481, 727, 1092, 1811, 2268, 2476, 2616, 2706, 2738, 3018, 3048, 3075, 3447, 3674, 3685, 3889, 3989, 4064, 4127, 4242, 4248, 4293, 4342, 4412, 4424, 4477, 4478, 4481, 4554, 4698, 4860, 4944, 5034, 5075, 5217, 5320, 6203, 6300, 6328, 6688, 6723, 6796, 6989, 7011, 7202, 7278, 7394, 7468, 7618, 7678, 7723, 7914, 8213, 8275, 8321, 8409, 8420, 8506, 8528, 8538, 8542, 8737, 8813, 8886, 8915, 9282, 9283, 9341, 9361, 9551, 9881, 9990]
76 [106, 227, 306, 462, 622, 721, 770, 882, 1104, 1242, 1247, 1364, 1477, 1595, 1666, 1873, 2304, 2350, 2373, 2539, 2700, 2954, 3097, 3163, 3167, 3797, 3949, 3950, 4093, 4794, 5004, 5042, 5062, 5100, 5248, 5355, 5477, 5547, 5611, 5671, 5927, 6013, 6376, 6407, 6598, 6636, 6684, 6744, 6749, 6908, 6952, 6963, 6992, 7154, 7253, 7360, 7636, 7845, 7893, 7919, 8173, 8416, 8533, 8600, 8798, 8831, 9055, 9183, 9251, 9343, 9626, 9729, 9819, 9925]
77 [60, 78, 151, 223, 426, 497, 609, 676, 700, 741, 812, 917, 980, 1201, 1211, 1222, 1823, 2014, 2028, 2357, 2585, 2979, 3172, 3332, 3768, 3830, 4005, 4241, 4319, 4495, 5366, 5665, 5694, 6170, 6625, 6779, 6792, 6817, 6888, 6925, 7156, 7334, 7810, 8320, 8431, 8517, 8525, 8679, 8872, 8954, 9112, 9115, 9301, 9403, 9456, 9527, 9557, 9798, 9861]
78 [81, 201, 280, 699, 708, 805, 1048, 1347, 1518, 1670, 1686, 1688, 1739, 1908, 1933, 1984, 2047, 2155, 2347, 2405, 2525, 2642, 2728, 2940, 3024, 3131, 3540, 3637, 3652, 3722, 3881, 3955, 4457, 4555, 4596, 5040, 5043, 5056, 5073, 5307, 5369, 5405, 5426, 5467, 5481, 5583, 5689, 5949, 5955, 5956, 6154, 6450, 6524, 6579, 6692, 6740, 6831, 7144, 7297, 7516, 7592, 7763, 7858, 8042, 8155, 8843, 8999, 9446, 9624, 9710, 9784, 9941]
79 [470, 486, 783, 1257, 1547, 1574, 1623, 1805, 1869, 2185, 2248, 2537, 2839, 3030, 3269, 3318, 3542, 3993, 4140, 4165, 4280, 4388, 4440, 4667, 4671, 4828, 4936, 4985, 5288, 5487, 5775, 5929, 6153, 6375, 6394, 6445, 6592, 6711, 6977, 7413, 7497, 7525, 7908, 8055, 8098, 8142, 8280, 8790, 8801, 8830, 8982, 9220, 9250, 9407, 9420, 9507, 9877]
80 [183, 208, 260, 765, 1405, 1611, 1779, 1836, 1883, 1887, 2206, 3621, 3714, 3750, 4410, 4549, 4700, 4972, 4984, 5089, 5371, 5597, 5801, 5826, 5924, 6456, 6631, 6832, 7152, 7395, 7615, 7669, 7760, 7840, 7841, 7865, 7935, 8323, 8422, 8658, 8687, 8702, 8839, 9264, 9398, 9590, 9649, 9825]
81 [12, 219, 442, 546, 612, 711, 946, 984, 1036, 1056, 1099, 1128, 1284, 1363, 1396, 1721, 1900, 1907, 2121, 2146, 2297, 2367, 2496, 2609, 3740, 3769, 4076, 4095, 4196, 4511, 4536, 4958, 5091, 5121, 5176, 5631, 5632, 5637, 5813, 5985, 6012, 6066, 6378, 6403, 6556, 6764, 6884, 6915, 6920, 7045, 7286, 7422, 7512, 7628, 7662, 8028, 8218, 8277, 8284, 8870, 8909, 8970, 8988, 9167, 9518, 9542, 9559]
82 [67, 76, 238, 582, 611, 629, 645, 665, 714, 749, 788, 1097, 1122, 1231, 1542, 1713, 1781, 1818, 2038, 2243, 2446, 2545, 2740, 2811, 2831, 2856, 2972, 2989, 3089, 3115, 3386, 3402, 3429, 3770, 3942, 3975, 4103, 4376, 4746, 4785, 4851, 5002, 5005, 5155, 5260, 5573, 5680, 5861, 6030, 6388, 6421, 6647, 6687, 6843, 6845, 6928, 7017, 7258, 7328, 7616, 7683, 7755, 7776, 7989, 7991, 8166, 8378, 8470, 8475, 8581, 8616, 8689, 8730, 8736, 8785, 8866, 8867, 8881, 8985, 9053, 9174, 9209, 9256, 9315, 9396, 9431, 9433, 9532, 9681, 9711, 9775, 9876, 9920, 9940]
83 [101, 173, 189, 563, 634, 738, 1589, 1765, 1854, 1959, 2238, 2406, 2547, 2693, 2757, 2806, 2918, 3014, 3028, 3233, 3516, 3588, 3828, 4175, 4368, 4403, 4438, 4792, 4839, 5326, 5800, 6078, 6268, 6329, 6400, 6663, 6738, 7007, 7099, 7540, 7731, 7771, 7887, 8348, 8699, 8724, 8725, 8941, 9273, 9371, 9493, 9693, 9725, 9977, 9995]
84 [281, 639, 879, 988, 1162, 1246, 1269, 1449, 1529, 1581, 1945, 2217, 2254, 2483, 2668, 2816, 3036, 3215, 3333, 3430, 3452, 3543, 3550, 3680, 3891, 3915, 4040, 4314, 4363, 4605, 4825, 5457, 5517, 6120, 6503, 6568, 6608, 6714, 6858, 6889, 6959, 6964, 7027, 7706, 7792, 7945, 8087, 8121, 8130, 8152, 8252, 8260, 8286, 8653, 8910, 9028, 9143, 9245, 9304, 9354, 9838, 9916]
85 [120, 388, 443, 445, 449, 642, 832, 901, 1007, 1694, 1741, 2031, 2273, 2492, 2566, 2602, 2639, 2690, 3193, 3520, 3669, 3696, 3763, 3802, 3821, 4019, 4299, 4498, 4864, 4883, 5286, 5367, 5429, 5432, 5571, 5596, 5876, 5974, 6307, 6696, 6834, 6903, 7043, 7121, 7149, 7188, 7288, 7477, 7509, 7623, 7852, 7972, 7988, 8212, 8316, 8488, 8569, 8826, 9085, 9247, 9313, 9327, 9445, 9476, 9495, 9614, 9678, 9882, 9903]
86 [292, 304, 375, 664, 692, 695, 784, 800, 1006, 1475, 1528, 1693, 1784, 1786, 1808, 2099, 2124, 2212, 2419, 2563, 2716, 3042, 3083, 3087, 3119, 3271, 3641, 3650, 3681, 3695, 3783, 3839, 3901, 4114, 4258, 4287, 4443, 4448, 4595, 4799, 4837, 4891, 5048, 5179, 5229, 5403, 5454, 5649, 5786, 5957, 6020, 6053, 6299, 6334, 6584, 6656, 6852, 6962, 7033, 7052, 7172, 7280, 7390, 7439, 7656, 7913, 7938, 7976, 7985, 8102, 8123, 8139, 8207, 8268, 8435, 8560, 8573, 8833, 8851, 8956, 9334, 9374, 9547, 9586, 9671, 9806, 9856, 9892, 9910, 9963]
87 [199, 461, 487, 581, 723, 948, 1435, 1488, 1597, 1733, 1871, 2096, 2193, 2262, 2362, 2600, 2651, 2817, 2973, 3080, 3138, 3280, 3643, 3723, 3826, 3835, 3856, 3867, 3941, 4014, 4053, 4080, 4270, 4322, 4456, 4681, 4806, 5066, 5227, 5343, 5582, 5586, 5702, 5812, 6191, 6265, 6531, 6614, 6694, 6978, 7014, 7050, 7137, 7274, 7303, 7536, 7581, 7721, 7748, 7857, 7876, 8046, 8393, 8411, 8434, 8527, 8565, 8583, 8795, 8901, 9191, 9465, 9467, 9478, 9480, 9506, 9603, 9802, 9828, 9971]
88 [691, 735, 1232, 1342, 1409, 1915, 1921, 1971, 2689, 2741, 2778, 2796, 2805, 2845, 2909, 3129, 3168, 3179, 3610, 3628, 3940, 4190, 4449, 4900, 5044, 5199, 5493, 5942, 6007, 6026, 6092, 6105, 6481, 6521, 6951, 7353, 7560, 8473, 8491, 8563, 8778, 8975, 9079, 9490]
89 [85, 262, 283, 299, 321, 366, 498, 652, 921, 995, 1081, 1181, 1261, 1864, 1881, 1976, 2144, 2171, 2503, 2569, 2624, 2675, 2871, 2956, 3412, 3484, 3532, 3840, 3913, 4027, 4109, 4404, 4663, 4691, 4731, 5025, 5141, 5182, 5189, 5327, 5445, 5495, 5550, 5696, 6063, 6360, 6398, 6866, 7006, 7086, 7590, 7643, 7660, 7884, 8141, 8169, 8329, 8580, 8996, 9019, 9039, 9259, 9288, 9395, 9673, 9704, 9708, 9922]
90 [71, 213, 368, 370, 502, 732, 767, 838, 892, 977, 1005, 1019, 1083, 1241, 1291, 1684, 1756, 1797, 1814, 2133, 2241, 2363, 2376, 2707, 2724, 2898, 3017, 3223, 3251, 3284, 3288, 3330, 3359, 3377, 3546, 3675, 3727, 3756, 3792, 3878, 3900, 4210, 4260, 4366, 4540, 4633, 4658, 4979, 5130, 5272, 5490, 5757, 5763, 5937, 6101, 6294, 6389, 6691, 6703, 6762, 6814, 6874, 7175, 7222, 7239, 7537, 7661, 7685, 7749, 7774, 7830, 7922, 8127, 8228, 8357, 8432, 8511, 8986, 9155, 9169, 9246, 9379, 9474, 9695, 9732, 9918, 9985]
91 [999, 1131, 2097, 2197, 2688, 2819, 3249, 3762, 4868, 4872, 4938, 6497, 6707, 6901, 7502, 7767, 7819, 7990, 8377, 9249, 9630, 9848]
92 [5, 16, 69, 123, 289, 367, 683, 693, 1009, 1111, 1225, 1401, 1504, 1598, 1637, 1663, 2000, 2095, 2115, 2328, 2343, 2666, 2814, 3261, 3326, 3625, 3691, 4013, 4062, 4099, 4112, 4336, 4439, 4552, 4589, 4613, 4624, 4655, 4727, 5297, 5308, 5823, 6035, 6050, 6366, 6414, 6476, 6587, 6683, 6755, 6828, 6896, 6897, 6934, 6944, 6993, 7139, 7252, 7323, 7354, 7409, 7505, 7556, 7586, 7629, 7814, 7940, 7986, 8135, 8203, 8204, 8243, 8365, 8452, 8759, 9228, 9297, 9633, 9859, 9938]
93 [316, 401, 740, 859, 1093, 1125, 1195, 1263, 1902, 2776, 2905, 3127, 3419, 3422, 3573, 3929, 4011, 4244, 4721, 4733, 4926, 5013, 5605, 5624, 5729, 5883, 6676, 6844, 7055, 7142, 7255, 7270, 7272, 7936, 8095, 8151, 8367, 8607, 8674, 8677, 9178, 9326]
94 [194, 220, 328, 363, 378, 647, 662, 734, 797, 1002, 1362, 1415, 1470, 1508, 1837, 1944, 2134, 2432, 2715, 2915, 3149, 3378, 3609, 3702, 3705, 3787, 3806, 3924, 4031, 4033, 4171, 4208, 4245, 4382, 4466, 4631, 4734, 4910, 4933, 4947, 5082, 5215, 5333, 5387, 5428, 5587, 5643, 5666, 5825, 6046, 6161, 6390, 6413, 6423, 6512, 6783, 6809, 6823, 6863, 7171, 7285, 7469, 7604, 7606, 7607, 7694, 7828, 8236, 8531, 8576, 8740, 8757, 8804, 8868, 8889, 8930, 9059, 9149, 9186, 9212, 9270, 9307, 9657, 9734]
95 [145, 174, 187, 399, 526, 1166, 1180, 1828, 1844, 1852, 1885, 1974, 1988, 2085, 2138, 2324, 2346, 2458, 2879, 3063, 3489, 3530, 3617, 3726, 4068, 4116, 4169, 4202, 4401, 5283, 5335, 5368, 5380, 5420, 5554, 5986, 6017, 6205, 6234, 6702, 6727, 7151, 7329, 7396, 7473, 7600, 7978, 8217, 8869, 8902, 9668, 9722, 9782, 9954]
96 [272, 294, 423, 762, 888, 1132, 3464, 3582, 3818, 3965, 4073, 4499, 4673, 4737, 5303, 5850, 6220, 6249, 6829, 7005, 7186, 7956, 8354, 8752, 8955, 9389, 9643]
97 [214, 471, 684, 720, 809, 897, 939, 1026, 1519, 1752, 1937, 2064, 2102, 2219, 2835, 2933, 2986, 3219, 3487, 3731, 3747, 3817, 3849, 3927, 4153, 4283, 4285, 4294, 4378, 4470, 4602, 5078, 5291, 5425, 5781, 6010, 6132, 6652, 6746, 6967, 7028, 7087, 7125, 7135, 7375, 7472, 7752, 7875, 8101, 8407, 8418, 8713, 8918, 9317, 9346, 9587, 9768, 9790, 9886, 9942, 9965]
98 [188, 211, 408, 431, 454, 523, 600, 610, 757, 850, 855, 1169, 1250, 1351, 1371, 1468, 1654, 1673, 1896, 1941, 2020, 2034, 2162, 2228, 2388, 2498, 2593, 2667, 2840, 2870, 2910, 3187, 3393, 3469, 3535, 3921, 3979, 4029, 4247, 4359, 4385, 4450, 4500, 4526, 4648, 4789, 4819, 4876, 4962, 5061, 5092, 5174, 5257, 5377, 5391, 5545, 6021, 6060, 6317, 6573, 6761, 7059, 7114, 7163, 7236, 7440, 7578, 7713, 7742, 8078, 8168, 8253, 8337, 8389, 8589, 8601, 8858, 8948, 9001, 9018, 9094, 9299, 9488, 9519, 9552, 9709, 9733, 9774, 9816, 9843]
99 [167, 270, 344, 485, 538, 574, 804, 857, 896, 905, 1191, 1288, 1340, 1751, 1816, 1895, 2006, 2202, 2398, 2434, 2596, 2625, 2921, 3101, 3252, 3277, 3312, 3399, 3563, 3623, 3778, 4054, 4079, 4203, 4619, 4952, 4995, 4996, 5074, 5234, 5401, 5676, 5724, 5891, 6056, 6461, 6488, 6520, 6667, 6745, 6958, 7324, 7554, 7768, 7860, 8387, 8490, 8862, 9423, 9436, 9622, 9670, 9744, 9845]
