0 [377, 469, 484, 259, 368, 536, 586, 773, 735, 839, 890, 952, 976, 728, 1040, 1068, 1146, 1206, 1214, 1024, 1037, 1063, 1064, 1028, 1072, 1217, 1268, 1184, 1467, 1509, 1466, 1530, 1656, 1455, 1507, 1583, 1661, 1676, 1689, 1645, 1807, 1814, 1835, 1930, 2279, 2221, 2285, 2371, 2106, 2158, 2170, 2393, 2434, 2239, 2569, 2672, 2309, 2475, 2553, 2576, 2608]
1 [132, 188, 214, 298, 329, 342, 607, 628, 658, 900, 830, 886, 1049, 1128, 1025, 1098, 1298, 1076, 1243, 1381, 1387, 1185, 1197, 1357, 1632, 1581, 1666, 1754, 1468, 1529, 1767, 1850, 2017, 2105, 1893, 2179, 2241, 2250, 2251, 2360, 2105, 2200, 2208, 2327, 2392, 2406, 2505, 2508, 2544, 2254, 2410, 2573, 2612, 2625, 2698]
2 [54, 325, 463, 504, 158, 189, 503, 546, 405, 517, 639, 699, 831, 658, 780, 857, 1029, 1076, 867, 1093, 1223, 1362, 1368, 1383, 1185, 1348, 1488, 1491, 1696, 1724, 1786, 1476, 1545, 1550, 1902, 1619, 1693, 1742, 1766, 1776, 1778, 2020, 1706, 1766, 1813, 1883, 2084, 2119, 2138, 1983, 2001, 2195, 2336, 2418, 2214, 2295, 2335, 2369, 2424, 2314, 2384, 2425, 2704, 2713, 2568, 2602]
3 [396, 413, 287, 408, 532, 534, 708, 424, 571, 652, 728, 742, 881, 928, 889, 938, 1096, 817, 874, 1100, 1210, 965, 1146, 1233, 1419, 1325, 1545, 1495, 1828, 1806, 1888, 2100, 2275, 1920, 1957, 2172, 2245, 2355, 2380, 2419, 2476, 2526, 2577, 2439, 2507, 2657, 2682]
4 [370, 981, 2057]
5 [334, 441, 459, 273, 438, 451, 506, 563, 565, 634, 661, 892, 532, 812, 842, 1022, 661, 687, 845, 851, 867, 1002, 1024, 956, 1144, 1065, 1092, 1105, 1237, 1336, 1337, 1373, 1481, 1645, 1390, 1399, 1740, 1423, 1552, 1681, 1733, 1800, 1869, 1821, 2134, 1968, 1990, 2246, 1921, 1930, 2125, 2174, 2329, 2137, 2154, 2410, 2258, 2286, 2305, 2367, 2707]
6 [51, 83, 200, 204, 258, 381, 151, 467, 580, 477, 654, 925, 831, 941, 1006, 803, 1101, 1307, 1029, 1276, 1379, 1450, 1505, 1582, 1308, 1456, 1549, 1689, 1487, 1618, 1680, 1719, 1863, 1909, 1740, 1841, 2027, 2099, 1897, 1964, 2130, 1940, 2142, 2156, 2310, 2061, 2255, 2343, 2475, 2336, 2440, 2448, 2662, 2701]
7 [712, 1643, 2168]
8 [27, 28, 116, 161, 319, 417, 476, 148, 170, 260, 372, 528, 275, 614, 640, 701, 523, 623, 847, 611, 941, 963, 984, 965, 1115, 1124, 1103, 1163, 1173, 903, 994, 1010, 1185, 1247, 1034, 1139, 1167, 1179, 1257, 1489, 1190, 1309, 1452, 1524, 1607, 1331, 1464, 1522, 1631, 1653, 1671, 1770, 1618, 1672, 1945, 1721, 1728, 1807, 1845, 1856, 1873, 1866, 1886, 1890, 1905, 1906, 2002, 2009, 2108, 2272, 2102, 2187, 2189, 2296, 2305, 2431, 2182, 2246, 2258, 2275, 2517, 2211, 2216, 2324, 2341, 2468, 2513, 2574, 2644, 2703, 2734, 2780, 2632, 2643]
9 [52, 114, 170, 340, 455, 210, 480, 548, 613, 631, 277, 362, 367, 550, 661, 670, 719, 746, 410, 747, 780, 859, 778, 892, 974, 1014, 902, 1043, 1073, 1091, 818, 912, 928, 1012, 1046, 1140, 1244, 1200, 1218, 1377, 1389, 1253, 1260, 1262, 1227, 1362, 1392, 1500, 1525, 1574, 1600, 1462, 1586, 1757, 1769, 1794, 1801, 1865, 1560, 1606, 1609, 1631, 1832, 1899, 1994, 1796, 1894, 1907, 2020, 2085, 2101, 1883, 2030, 2039, 2047, 2067, 2090, 2328, 2330, 2165, 2173, 2500, 2284, 2516, 2524, 2579, 2435, 2445, 2804, 2459, 2561, 2671]
10 [121, 365, 452, 204, 319, 273, 405, 528, 562, 640, 759, 905, 1175, 1264, 1276, 1295, 1448, 1845, 1644, 1719, 1951, 1780, 1812, 1969, 2052, 2035, 2194, 2580]
11 [37, 88, 130, 141, 244, 358, 379, 503, 511, 446, 631, 693, 753, 606, 648, 681, 583, 634, 769, 891, 915, 916, 688, 718, 798, 860, 948, 979, 1003, 1148, 1096, 1121, 911, 999, 1036, 1128, 1181, 1348, 1038, 1069, 1108, 1472, 1502, 1461, 1499, 1662, 1363, 1672, 1461, 1799, 1886, 1633, 1639, 1998, 2009, 1680, 1884, 1970, 2232, 2295, 2169, 2256, 2231, 2447, 2498, 2609, 2328, 2366, 2427, 2723, 2815, 2591, 2678]
12 [190, 295, 396, 514, 257, 420, 426, 706, 748, 618, 673, 524, 642, 882, 1126, 935, 1196, 1279, 1031, 1033, 1206, 1219, 1255, 1417, 1435, 1263, 1337, 1431, 1593, 1348, 1353, 1583, 1738, 1554, 1590, 1765, 1541, 1852, 1909, 1881, 1963, 2088, 2124, 1935, 2076, 2098, 2175, 2207, 2292, 2387, 2104, 2345, 2647, 2588, 2618, 2672, 2513]
13 [94, 193, 235, 382, 438, 503, 659, 677, 710, 721, 510, 867, 667, 948, 671, 745, 912, 972, 1174, 1013, 1067, 1180, 1259, 1057, 1101, 1113, 1224, 1235, 1396, 1332, 1542, 1559, 1608, 1323, 1344, 1361, 1410, 1524, 1629, 1696, 1803, 2141, 2065, 2056, 2263, 2325, 2366, 2452, 2392, 2320, 2340, 2660, 2519, 2539]
14 [297, 491, 544, 441, 615, 652, 986, 1055, 1137, 786, 1050, 1288, 1382, 1459, 1286, 1387, 1490, 1510, 1283, 1358, 1369, 1634, 1546, 1879, 1712, 1789, 1826, 1707, 1745, 2030, 2057, 2125, 2174, 2128, 1966, 2088, 2151, 2289, 2155, 2402, 2462, 2542, 2635, 2393, 2690]
15 [62, 317, 156, 416, 655, 742, 420, 730, 515, 609, 779, 879, 914, 1026, 1028, 1015, 1242, 1297, 1273, 1343, 1438, 1573, 1615, 1654, 1679, 1692, 1538, 1813, 1809, 1810, 1786, 1818, 1922, 1957, 2069, 2454, 2460, 2504, 2306, 2582, 2614, 2354, 2450, 2500, 2619, 2735]
16 [263, 534, 946, 1039, 1289, 1623, 1687, 1755, 2075, 1798, 2124, 2164, 2374]
17 [49, 107, 467, 240, 282, 283, 528, 590, 671, 400, 461, 487, 557, 624, 683, 706, 852, 527, 714, 716, 901, 978, 930, 861, 871, 1249, 1018, 1243, 1050, 1061, 1128, 1159, 1209, 1365, 1351, 1448, 1474, 1365, 1560, 1741, 1633, 1656, 1787, 1859, 1564, 1638, 1798, 2021, 1733, 1820, 1862, 1890, 2115, 1858, 2122, 2143, 1931, 2232, 2264, 2277, 2333, 2352, 2379, 2426, 2191, 2329, 2599, 2375, 2526, 2610]
19 [264, 310, 435, 153, 270, 272, 459, 356, 383, 449, 604, 672, 438, 821, 825, 542, 646, 755, 805, 806, 926, 953, 810, 1119, 1251, 1089, 1204, 1402, 1413, 1301, 1417, 1611, 1288, 1340, 1404, 1621, 1690, 1677, 1691, 1906, 2037, 1857, 2146, 2165, 1844, 1962, 1981, 2006, 2058, 2190, 2271, 2283, 2254, 2080, 2239, 2556, 2182, 2512, 2564, 2585, 2616, 2661, 2378, 2751, 2484, 2668]
20 [30, 111, 125, 157, 178, 229, 456, 496, 286, 308, 573, 666, 757, 500, 522, 588, 637, 795, 550, 572, 616, 625, 733, 850, 853, 934, 656, 657, 741, 764, 882, 997, 1045, 882, 899, 982, 989, 995, 1013, 1018, 1045, 1105, 1264, 1224, 1322, 1373, 1053, 1087, 1114, 1142, 1187, 1372, 1212, 1266, 1391, 1462, 1640, 1633, 1763, 1459, 1475, 1575, 1702, 1771, 1874, 1917, 1625, 1637, 1756, 1883, 1986, 2011, 2047, 1951, 2071, 1816, 1915, 1943, 2080, 2123, 2159, 2166, 2167, 2262, 2065, 2522, 2225, 2475, 2528, 2559, 2561, 2432, 2497, 2681, 2688, 2577]
21 [24, 93, 95, 126, 243, 303, 332, 345, 465, 532, 535, 605, 262, 352, 431, 467, 469, 472, 563, 580, 701, 745, 805, 869, 889, 556, 594, 751, 737, 873, 944, 977, 980, 1105, 1113, 1125, 918, 951, 1041, 1138, 1152, 1224, 1121, 1187, 1310, 1406, 1092, 1109, 1115, 1401, 1440, 1513, 1620, 1634, 1280, 1434, 1626, 1734, 1439, 1803, 1916, 1745, 1779, 2031, 1683, 1726, 1940, 1954, 2087, 1867, 1949, 2115, 2294, 2303, 2151, 2198, 2286, 2215, 2248, 2331, 2496, 2642, 2481, 2525, 2560, 2567, 2611, 2614, 2522, 2625]
22 [79, 90, 182, 450, 451, 265, 550, 395, 542, 660, 434, 654, 655, 723, 775, 778, 830, 589, 653, 687, 927, 951, 997, 666, 916, 1016, 1025, 906, 978, 971, 995, 1134, 1249, 1297, 1403, 1307, 1396, 1479, 1574, 1466, 1544, 1621, 1754, 1557, 1630, 1659, 1661, 1874, 1892, 1900, 1681, 1803, 1849, 1898, 1848, 1899, 1986, 2250, 2157, 2173, 2199, 2276, 2314, 2362, 2421, 2644, 2391, 2409, 2621, 2682]
23 [139, 240, 417, 551, 318, 586, 399, 454, 738, 771, 911, 955, 964, 988, 1079, 1087, 901, 1190, 1251, 1268, 907, 990, 1240, 1250, 1321, 1326, 1464, 1567, 1727, 1428, 1727, 1779, 1883, 1580, 1632, 1651, 2027, 1789, 1900, 2080, 1815, 1956, 2026, 2103, 1939, 2171, 2210, 2071, 2351, 2559, 2232, 2549, 2671, 2633, 2729, 2752, 2469, 2609]
25 [38, 110, 479, 313, 369, 626, 348, 615, 622, 703, 503, 505, 698, 893, 668, 832, 849, 993, 662, 797, 768, 846, 922, 1090, 958, 1102, 1207, 1234, 1267, 1312, 1496, 1182, 1355, 1362, 1509, 1566, 1726, 1843, 1974, 1848, 2021, 1819, 1961, 2148, 1981, 2147, 2274, 2209, 2464, 2656, 2419, 2453, 2604, 2684, 2471]
26 [380, 254, 450, 501, 488, 588, 686, 723, 781, 991, 641, 788, 843, 876, 884, 1087, 998, 1334, 1449, 1553, 1663, 1830, 1894, 1932, 1826, 2028, 2048, 1827, 1895, 1919, 2084, 2089, 2236, 2260, 2230, 2459, 2351, 2556, 2676]
27 [112, 2135, 2529, 2683]
28 [184, 309, 182, 291, 523, 588, 307, 369, 571, 691, 692, 736, 669, 686, 771, 982, 1249, 1498, 1501, 1413, 1660, 1332, 1552, 1571, 1639, 1642, 1682, 1777, 1612, 1835, 1869, 1576, 1989, 1809, 2062, 1828, 2220, 2238, 2410, 2430, 2130, 2302, 2366, 2448, 2251, 2444, 2472, 2600, 2602, 2589]
29 [23, 84, 373, 386, 146, 325, 629, 322, 439, 684, 621, 686, 786, 799, 695, 795, 1018, 1065, 1065, 1155, 908, 1299, 1191, 1325, 1176, 1426, 1513, 1849, 1860, 1649, 1666, 1887, 1901, 2007, 2090, 1998, 2001, 2005, 2028, 2211, 2227, 2257, 2110, 2497, 2193, 2226, 2307, 2360, 2589, 2612, 2451, 2626, 2444, 2476, 2541, 2589, 2664]
30 [284, 393, 168, 213, 624, 271, 345, 461, 387, 540, 564, 570, 679, 802, 820, 878, 613, 817, 887, 1012, 1038, 1062, 852, 854, 968, 1006, 1053, 1329, 1024, 1452, 1494, 1520, 1287, 1370, 1484, 1317, 1373, 1435, 1745, 1526, 1567, 1579, 1782, 1741, 1777, 1863, 1912, 1865, 1878, 2090, 2031, 2076, 2193, 2122, 2144, 2516, 2541, 2299, 2562, 2593, 2321, 2510, 2545, 2665, 2716, 2746, 2527, 2635, 2684, 2697]
31 [207, 239, 257, 307, 436, 322, 402, 458, 725, 412, 697, 809, 600, 621, 824, 838, 678, 697, 953, 1054, 954, 1085, 1097, 1176, 1252, 1058, 1246, 1309, 1253, 1302, 1345, 1411, 1520, 1541, 1685, 1775, 1488, 1570, 1654, 1684, 1776, 1895, 1647, 1814, 1876, 1930, 1959, 1991, 2038, 1694, 1946, 2116, 2155, 2151, 2211, 1941, 2119, 2141, 2218, 2395, 2537, 2550, 2356, 2384, 2505, 2599, 2801, 2540, 2599, 2613, 2630]
32 [379, 783, 854, 853, 898, 1158, 901, 1614, 1651, 1433, 1537, 1623, 1862, 2203, 2374, 2412, 2223, 2332, 2490, 2572]
33 [124, 371, 520, 538, 441, 495, 850, 603, 933, 1112, 1020, 1256, 1388, 1537, 1533, 1770, 1700, 1836, 1954, 2102, 2307, 2257, 2266, 2271, 2380, 2345, 2550, 2626, 2790, 2442, 2461, 2665]
34 [459, 2164, 2584]
35 [99, 128, 150, 167, 205, 458, 571, 603, 358, 526, 580, 595, 874, 961, 1083, 822, 1177, 927, 1032, 1318, 1106, 1155, 1245, 1412, 1198, 1561, 1570, 1343, 1505, 1783, 1584, 1673, 1747, 1756, 1778, 1617, 1926, 1977, 2003, 2016, 1677, 1827, 1891, 1945, 2008, 1914, 2298, 2252, 2302, 2378, 2252, 2275, 2296, 2407, 2611, 2667]
36 [160, 438, 133, 186, 433, 612, 297, 435, 791, 796, 817, 864, 547, 596, 861, 713, 817, 823, 1044, 1102, 829, 941, 953, 1139, 1486, 1431, 1536, 1480, 1804, 1852, 1540, 1694, 1891, 1925, 2022, 1670, 1901, 1943, 1792, 1931, 1951, 1956, 1993, 2005, 2324, 2095, 2480, 2537, 2379, 2440, 2466, 2670, 2807, 2603]
37 [39, 171, 144, 304, 424, 511, 538, 609, 380, 514, 555, 735, 483, 584, 734, 529, 749, 905, 959, 717, 935, 938, 1017, 1282, 1344, 1086, 1178, 1449, 1238, 1346, 1393, 1555, 1284, 1481, 1769, 1411, 1458, 1510, 1604, 1714, 1804, 1921, 1798, 1832, 2059, 1822, 1830, 1881, 2221, 1962, 2352, 2292, 2365, 2210, 2487, 2668, 2593, 2633]
38 [465, 490, 193, 333, 411, 466, 568, 551, 636, 806, 838, 604, 730, 745, 765, 830, 865, 822, 848, 900, 942, 1080, 1025, 1058, 1197, 1139, 1045, 1437, 1319, 1730, 1578, 1997, 2018, 1864, 1925, 1990, 2024, 1817, 1840, 2144, 2348, 2103, 2160, 2222, 2371, 2449, 2501, 2290, 2366, 2449, 2494, 2648, 2437, 2447, 2498, 2468, 2481]
39 [26, 147, 180, 361, 215, 387, 455, 284, 496, 727, 394, 811, 871, 885, 642, 707, 835, 943, 994, 1043, 1166, 1275, 898, 1005, 1167, 1184, 1311, 1344, 1348, 1353, 1543, 1410, 1538, 1737, 1409, 1435, 1516, 1716, 1791, 1818, 1888, 1893, 1910, 1537, 1732, 1811, 1935, 1703, 1742, 1768, 1785, 2006, 2104, 2278, 1938, 1979, 2021, 2197, 2298, 2089, 2225, 2262, 2309, 2328, 2377, 2435, 2466, 2484, 2350, 2509, 2446, 2470]
40 [14, 179, 186, 278, 302, 355, 390, 400, 487, 578, 558, 614, 758, 513, 756, 907, 801, 1082, 1220, 1015, 1106, 1162, 1279, 1296, 1094, 1283, 1456, 1269, 1449, 1503, 1419, 1498, 1669, 1542, 1785, 1807, 1847, 1598, 1608, 1662, 1812, 1823, 1846, 1732, 1834, 1868, 2113, 1891, 1959, 1982, 2007, 2054, 2055, 2004, 2118, 2139, 2312, 2048, 2120, 2335, 2348, 2414, 2178, 2294, 2371, 2613, 2404, 2657, 2725, 2777, 2492, 2495]
41 [483, 492, 261, 440, 442, 518, 521, 623, 823, 606, 641, 704, 924, 729, 868, 926, 1141, 1170, 1137, 1359, 1200, 1353, 1471, 1447, 1582, 1675, 2025, 1751, 2066, 2132, 2155, 2288, 1933, 2161, 2167, 2227, 2273, 2282, 2438, 2510, 2398, 2669]
42 [58, 288, 313, 425, 561, 568, 468, 842, 650, 800, 987, 1046, 1155, 1536, 1391, 1559, 1609, 1681, 1831, 1685, 1787, 2031, 2180, 2310, 2349, 2494, 2663, 2702]
43 [15, 66, 104, 117, 220, 597, 598, 432, 629, 747, 407, 720, 774, 887, 859, 1017, 840, 871, 1070, 821, 831, 888, 1056, 1083, 1243, 1384, 1231, 1261, 1360, 1424, 1534, 1178, 1255, 1571, 1291, 1437, 1613, 1699, 1740, 1755, 1900, 1567, 1840, 1936, 1956, 2046, 1877, 1887, 2145, 2294, 2073, 2174, 2203, 2253, 2401, 2314, 2581, 2402, 2441, 2772, 2637]
44 [206, 397, 553, 728, 681, 733, 803, 830, 932, 1201, 1073, 1194, 1390, 1082, 1419, 1577, 1499, 1668, 1678, 1834, 2314, 2793]
45 [311, 910, 2075]
46 [141, 232, 340, 400, 491, 502, 676, 513, 530, 696, 826, 631, 651, 822, 985, 690, 835, 812, 1061, 1168, 1215, 1132, 1327, 1330, 1098, 1104, 1193, 1321, 1294, 1380, 1401, 1357, 1607, 1679, 1692, 1622, 1683, 1749, 1857, 1988, 2052, 1845, 1855, 1947, 2223, 2187, 2355, 2496, 2467]
47 [165, 232, 508, 175, 457, 565, 567, 592, 456, 501, 776, 734, 767, 793, 734, 814, 966, 1048, 1144, 1177, 1281, 1401, 1152, 1509, 1312, 1339, 1519, 1563, 1318, 1698, 1780, 1421, 1780, 1636, 1705, 1751, 1896, 1716, 1749, 1959, 2279, 2125, 2293, 2461, 2462, 2389, 2571, 2539, 2775, 2803]
48 [354, 231, 242, 368, 406, 539, 639, 328, 450, 553, 636, 695, 696, 519, 660, 677, 530, 536, 546, 612, 706, 1134, 807, 936, 952, 1072, 1221, 1254, 918, 1027, 1044, 1169, 1340, 1056, 1075, 1389, 1415, 1436, 1471, 1504, 1547, 1656, 1658, 1322, 1335, 1376, 1471, 1502, 1590, 1620, 1629, 1732, 1772, 1426, 1467, 1798, 1536, 1671, 1735, 1808, 1841, 1939, 1738, 1922, 1962, 2117, 2118, 2168, 1833, 1873, 1913, 2113, 2193, 2264, 2046, 2111, 2423, 2113, 2156, 2313, 2316, 2483, 2235, 2401, 2453, 2479, 2489, 2364, 2433, 2742, 2537]
49 [0, 21, 42, 212, 397, 492, 181, 606, 296, 306, 385, 417, 539, 401, 596, 680, 688, 754, 810, 872, 517, 575, 629, 660, 877, 763, 790, 859, 869, 939, 963, 986, 1088, 1120, 1162, 1276, 1022, 1086, 1108, 1112, 1150, 1337, 1400, 1052, 1070, 1088, 1120, 1189, 1286, 1309, 1336, 1159, 1283, 1463, 1511, 1550, 1589, 1597, 1648, 1352, 1395, 1440, 1534, 1471, 1566, 1591, 1773, 1848, 1571, 1600, 1893, 1961, 2042, 1682, 1744, 2047, 1841, 1986, 2343, 2058, 2229, 2312, 2279, 2605, 2469, 2587, 2652, 2490, 2497, 2526, 2677]
51 [1054]
52 [138, 142, 429, 583, 376, 390, 616, 739, 614, 623, 674, 850, 1311, 1347, 1470, 1481, 1201, 1475, 1723, 1622, 1656, 1781, 2062, 2255, 2067, 2136, 2160, 2202, 2254, 2413, 2261, 2487, 2763, 2776, 2685]
53 [19, 245, 131, 409, 423, 464, 489, 584, 614, 391, 497, 576, 612, 689, 717, 498, 554, 591, 707, 711, 718, 726, 814, 865, 522, 639, 663, 878, 894, 931, 987, 832, 970, 974, 983, 1136, 1139, 1051, 1054, 1117, 1227, 904, 1145, 1339, 1462, 1500, 1311, 1440, 1545, 1566, 1609, 1767, 1503, 1693, 1591, 1908, 1668, 1939, 1983, 2049, 1892, 2025, 2077, 2142, 2303, 2036, 2109, 2181, 2265, 2428, 2408, 2527, 2198, 2218, 2237, 2372, 2375, 2397, 2452, 2537, 2632, 2676, 2717, 2760, 2778, 2786, 2535, 2660]
54 [82, 166, 130, 135, 384, 441, 494, 554, 557, 338, 487, 705, 758, 765, 478, 590, 603, 612, 815, 537, 777, 874, 923, 979, 774, 1132, 820, 923, 1063, 1182, 977, 991, 1156, 1215, 1219, 1375, 1144, 1157, 1158, 1161, 1317, 1503, 1249, 1355, 1376, 1476, 1534, 1321, 1460, 1598, 1674, 1776, 1782, 1484, 1489, 1585, 1642, 1814, 1704, 1743, 1821, 1996, 1762, 1884, 1914, 1994, 1885, 1985, 2147, 2222, 1960, 2082, 2182, 2237, 2260, 2293, 2398, 2289, 2417, 2422, 2391, 2513, 2679, 2426, 2518, 2608, 2741, 2765, 2659]
56 [44, 119, 173, 209, 529, 541, 559, 500, 507, 683, 406, 423, 507, 548, 704, 770, 578, 647, 843, 868, 779, 833, 794, 999, 1129, 1136, 1161, 1235, 1070, 1076, 1085, 1134, 1268, 1372, 1160, 1237, 1290, 1393, 1475, 1186, 1209, 1318, 1457, 1544, 1405, 1518, 1608, 1630, 1454, 1498, 1534, 1541, 1603, 1613, 1882, 1624, 1663, 1711, 1746, 1879, 1940, 1958, 2126, 2140, 1800, 2043, 2074, 2110, 2117, 2071, 2096, 2258, 2290, 2139, 2238, 2334, 2378, 2411, 2558, 2570, 2428, 2527, 2709, 2477, 2500, 2654]
57 [53, 108, 118, 231, 391, 405, 335, 444, 294, 658, 673, 385, 426, 525, 567, 690, 525, 552, 719, 721, 684, 756, 904, 819, 921, 988, 1040, 1147, 1113, 1182, 1270, 1078, 1288, 1181, 1241, 1324, 1492, 1374, 1469, 1639, 1690, 1871, 1655, 1924, 1928, 1758, 1811, 1865, 1974, 2042, 1970, 2072, 2149, 2540, 2313, 2333, 2522, 2643, 2332, 2654, 2683, 2744, 2566]
58 [36, 47, 149, 156, 196, 353, 460, 507, 194, 412, 419, 377, 387, 444, 559, 723, 416, 761, 860, 785, 860, 885, 1020, 683, 962, 1233, 967, 1245, 1391, 1434, 1443, 1516, 1237, 1365, 1425, 1552, 1553, 1654, 1289, 1309, 1477, 1597, 1728, 1491, 1508, 1512, 1514, 1532, 1669, 1708, 1851, 1966, 2045, 2127, 2139, 1831, 2183, 2194, 2282, 2063, 2106, 2140, 2202, 2234, 2239, 2322, 2405, 2075, 2247, 2359, 2375, 2549, 2416, 2419, 2425, 2438, 2502, 2553, 2465, 2476, 2517, 2535, 2592, 2750, 2764, 2575, 2582, 2584, 2631]
59 [321, 524, 392, 449, 551, 697, 724, 664, 709, 850, 1120, 1229, 1298, 1511, 1469, 1594, 1659, 1789, 1572, 2010, 1843, 1981, 2138, 2226, 2077, 2337, 2240, 2266, 2408, 2480, 2788, 2525]
60 [136, 335, 401, 699, 1019, 1053, 1132, 1304, 1238, 1420, 1667, 1955, 1965, 1974, 2074, 2275, 2403, 2052, 2469, 2529, 2307, 2482, 2739, 2528, 2558]
61 [31, 332, 359, 570, 473, 506, 577, 751, 818, 845, 758, 858, 876, 990, 754, 865, 892, 996, 1061, 1016, 1259, 1490, 1173, 1311, 1430, 1478, 1525, 1554, 1785, 1735, 1767, 1616, 1734, 1982, 1697, 2042, 1955, 1993, 2213, 2287, 1973, 2061, 2261, 2350, 2051, 2101, 2420, 2536, 2591, 2640, 2479, 2532, 2577, 2680, 2812]
62 [269, 333, 343, 140, 172, 344, 442, 447, 688, 384, 550, 601, 862, 824, 913, 1159, 1357, 1364, 1397, 1430, 1521, 1550, 1636, 1752, 1434, 1565, 1616, 1682, 1686, 1707, 1743, 1790, 1614, 1993, 2007, 2064, 1811, 1821, 2059, 2212, 2266, 2420, 2118, 2299, 2310, 2327, 2352, 2395, 2531, 2651, 2791, 2498, 2647]
64 [241, 283, 397, 386, 734, 1061, 1096, 1246, 1459, 1662, 1890, 1712, 1920, 2259, 2654, 2528, 2487, 2491]
65 [234, 389, 446, 320, 426, 378, 564, 591, 391, 480, 565, 643, 777, 851, 782, 878, 1066, 1150, 976, 1051, 1294, 1047, 1112, 1164, 1386, 1478, 1386, 1464, 1559, 1704, 1919, 1886, 1949, 1977, 1996, 1794, 1852, 1859, 1870, 2018, 2104, 2331, 2476, 2370, 2418, 2470, 2488, 2502, 2650, 2466]
66 [155, 277, 279, 729, 1604, 1496, 1700, 1727, 1833, 2002, 2166, 2617, 2473]
67 [663]
68 [202, 253, 342, 350, 424, 510, 187, 295, 349, 483, 549, 572, 508, 537, 587, 626, 653, 452, 508, 650, 727, 617, 700, 722, 762, 957, 668, 829, 893, 955, 969, 1075, 900, 1035, 1079, 1267, 1145, 1221, 1049, 1095, 1100, 1117, 1140, 1271, 1349, 1512, 1526, 1195, 1218, 1410, 1460, 1517, 1558, 1562, 1642, 1296, 1628, 1697, 1790, 1436, 1519, 1729, 1573, 1627, 1802, 1817, 1964, 1818, 1872, 1889, 2055, 2153, 1966, 1987, 2070, 2150, 2172, 2273, 2292, 2368, 2146, 2206, 2338, 2349, 2370, 2489, 2515, 2205, 2206, 2268, 2515, 2682, 2687, 2627]
69 [13, 59, 105, 384, 495, 505, 591, 361, 437, 453, 754, 766, 402, 533, 583, 593, 722, 779, 783, 741, 818, 903, 969, 740, 872, 909, 773, 778, 924, 998, 905, 1055, 1149, 1163, 1360, 1033, 1121, 1163, 1194, 1360, 1385, 1637, 1347, 1711, 1736, 1760, 1694, 1715, 1682, 1710, 1729, 1858, 1678, 1777, 1784, 1801, 1875, 2038, 2109, 2173, 2175, 2152, 2351, 2143, 2163, 2306, 2317, 2340, 2510, 2538, 2228, 2242, 2379, 2404, 2431, 2463, 2680, 2318, 2330, 2343, 2492, 2516, 2806, 2814, 2570, 2571, 2623]
70 [18, 128, 327, 725, 1485, 1680, 1744, 1819, 1559, 1611, 2130, 2066, 1984, 2101, 2336, 2364, 2451, 2618, 2653]
71 [4, 10, 56, 80, 115, 330, 412, 453, 469, 554, 708, 555, 711, 1013, 993, 1101, 833, 848, 981, 985, 924, 984, 1223, 1276, 1404, 1156, 1205, 1308, 1347, 1583, 1293, 1313, 1354, 1356, 1392, 1424, 1432, 1651, 1664, 1717, 1675, 1784, 1725, 1961, 2056, 2108, 1804, 1943, 1965, 2153, 2192, 2315, 2321, 2383, 2415, 2521, 2394, 2603, 2637]
73 [269, 637, 825, 946, 654, 672, 1092, 1179, 1210, 1531, 1683, 1796, 2156, 2194, 2249, 2277, 2076, 2296, 2464, 2199, 2386, 2346, 2628]
74 [679, 1829, 2457]
76 [106, 227, 306, 462, 238, 337, 386, 498, 336, 474, 479, 596, 443, 514, 721, 768, 814, 837, 1003, 780, 1034, 859, 863, 1109, 1261, 1262, 1338, 1586, 1606, 1644, 1515, 1707, 1771, 1447, 1703, 1789, 1768, 1799, 1990, 2028, 1692, 1752, 1960, 1971, 2000, 2162, 1877, 1984, 2260, 2085, 2133, 2159, 2413, 2389, 2270, 2303, 2527, 2655, 2339, 2431, 2433, 2523, 2629]
77 [876]
78 [315, 421, 687, 587, 895, 722, 806, 1020, 827, 1034, 1565, 1586, 1641, 1725, 1700, 2315, 2412, 2712, 2798]
79 [470, 486, 395, 717, 649, 712, 1001, 919, 965, 1014, 1271, 1305, 1041, 1068, 1208, 1316, 1368, 1215, 1372, 1480, 1529, 1647, 1429, 1551, 1705, 1786, 1837, 1985, 2037, 2149, 2083, 2136, 2302, 2454]
80 [183, 208, 260, 381, 459, 627, 933, 1062, 1338, 1516, 1528, 1633, 1531, 1577, 1700, 1848, 2023, 2160, 2019, 2099, 2239, 2293, 2080, 2081, 2105, 2179, 2514, 2543, 2558, 2311, 2352, 2678, 2737, 2529]
81 [12, 219, 421, 442, 162, 207, 228, 327, 394, 562, 600, 268, 288, 331, 360, 516, 595, 628, 393, 569, 748, 755, 873, 585, 610, 761, 831, 833, 960, 689, 716, 772, 1094, 1219, 1052, 1081, 1407, 1124, 1439, 1464, 1222, 1224, 1494, 1502, 1281, 1336, 1693, 1791, 1408, 1593, 1745, 1761, 1788, 1842, 1846, 1654, 1770, 1795, 1948, 2032, 1772, 1892, 1923, 1928, 2053, 1910, 2046, 2136, 2252, 2286, 2091, 2268, 2074, 2133, 2140, 2381, 2442, 2460, 2639, 2474, 2542, 2606, 2630, 2647, 2503, 2559]
82 [76, 238, 198, 227, 245, 261, 281, 330, 365, 404, 329, 463, 390, 561, 629, 666, 886, 707, 910, 1009, 820, 891, 911, 936, 1052, 1069, 785, 811, 1082, 1098, 1125, 1082, 1254, 1287, 1031, 1304, 1290, 1329, 1395, 1546, 1549, 1315, 1420, 1733, 1456, 1806, 1780, 1813, 2039, 1695, 1851, 1853, 1936, 2025, 1882, 1952, 2240, 1923, 1995, 2016, 2229, 2231, 2406, 2234, 2326, 2331, 2437, 2472, 2545, 2202, 2208, 2257, 2338, 2339, 2353, 2457, 2525, 2646, 2681, 2344, 2403, 2484, 2519, 2521, 2620, 2769, 2799, 2479, 2580, 2624, 2644]
84 [281, 604, 394, 478, 681, 761, 429, 681, 947, 748, 911, 1029, 1126, 1239, 1246, 1203, 1227, 1291, 1533, 1617, 1677, 1896, 1895, 1960, 1722, 1967, 1972, 2035, 1946, 2032, 2327, 2370, 2108, 2142, 2500, 2615, 2333, 2392, 2442, 2542, 2620]
85 [120, 388, 443, 445, 449, 258, 589, 646, 682, 719, 981, 1075, 1331, 1427, 1589, 1756, 1699, 1704, 1842, 1911, 2129, 1812, 1912, 2129, 2068, 2172, 2425, 2298, 2557, 2363, 2415, 2533, 2702, 2766, 2607]
86 [292, 304, 308, 416, 622, 707, 760, 541, 632, 634, 563, 588, 676, 883, 958, 643, 796, 1122, 779, 783, 815, 967, 953, 962, 993, 1007, 1095, 1151, 1042, 1186, 1215, 1371, 1523, 1343, 1435, 1592, 1339, 1389, 1563, 1614, 1733, 1829, 1691, 1726, 1976, 1664, 1970, 2041, 2060, 1904, 2014, 2063, 2280, 2153, 2178, 2216, 2225, 2291, 2416, 2429, 2305, 2323, 2428, 2422, 2635, 2674, 2759, 2560, 2614]
87 [199, 461, 487, 197, 339, 564, 667, 720, 445, 719, 560, 657, 726, 680, 897, 1053, 776, 834, 976, 955, 1138, 1147, 1168, 1253, 1365, 1392, 1198, 1250, 1225, 1350, 1610, 1387, 1503, 1478, 1588, 1583, 1923, 1702, 1986, 2022, 2058, 2145, 1898, 1927, 2160, 2205, 1961, 1988, 2097, 2116, 2249, 2267, 2290, 2383, 2421, 2439, 2267, 2373, 2663, 2553, 2555, 2566, 2594, 2691, 2506, 2532, 2675]
88 [351, 447, 464, 574, 641, 763, 769, 819, 769, 821, 858, 876, 885, 925, 989, 825, 864, 875, 922, 940, 1377, 1444, 1588, 1359, 1653, 1783, 1802, 1881, 1873, 1977, 2184, 2329, 2347, 2419, 2250, 2447, 2551, 2578]
89 [85, 262, 283, 299, 321, 366, 409, 498, 268, 537, 313, 413, 492, 493, 729, 824, 587, 608, 635, 967, 649, 704, 755, 951, 1036, 873, 1108, 1180, 1228, 1152, 1225, 1339, 1037, 1332, 1154, 1207, 1235, 1569, 1301, 1349, 1487, 1605, 1655, 1710, 1472, 1839, 1752, 1790, 1815, 1874, 1938, 2014, 2094, 2154, 2012, 2131, 2214, 2267, 2069, 2124, 2266, 2381, 2409, 2185, 2436, 2378, 2414, 2468, 2511, 2675, 2347, 2376, 2483, 2761, 2792, 2796, 2511, 2626, 2673]
92 [16, 69, 123, 289, 299, 625, 343, 457, 633, 446, 485, 848, 559, 579, 792, 807, 746, 894, 870, 957, 1022, 1325, 1374, 1027, 1040, 1367, 1480, 1157, 1168, 1199, 1341, 1457, 1468, 1599, 1811, 1826, 1758, 1868, 1763, 1836, 1905, 1942, 1952, 2001, 2147, 1876, 1947, 1978, 2033, 2180, 2210, 2253, 2013, 2054, 2180, 2375, 2059, 2060, 2099, 2308, 2231, 2396, 2342, 2721, 2563]
93 [316, 401, 356, 475, 325, 357, 495, 635, 750, 856, 985, 1118, 1269, 1170, 1241, 1172, 1265, 1277, 1470, 1557, 1784, 1505, 1659, 1684, 1852, 2063, 2150, 1879, 2173, 2176, 2391, 2463, 2530, 2650, 2414]
94 [194, 220, 328, 363, 378, 263, 278, 350, 618, 594, 702, 792, 598, 896, 795, 995, 845, 1074, 921, 1014, 1099, 1118, 1236, 1345, 1099, 1136, 1310, 1394, 1175, 1278, 1454, 1477, 1491, 1626, 1493, 1547, 1588, 1419, 1442, 1601, 1822, 1553, 1782, 1805, 1815, 1791, 1831, 1871, 1795, 1909, 2228, 2230, 2231, 1934, 2068, 2092, 2387, 2432, 2229, 2340, 2361, 2531, 2621, 2658, 2684, 2358, 2395, 2745, 2438]
95 [103, 145, 174, 187, 339, 399, 142, 352, 398, 676, 692, 700, 822, 836, 549, 602, 790, 810, 922, 959, 1143, 1185, 1226, 929, 1038, 1380, 1044, 1097, 1130, 1190, 1329, 1450, 1443, 1495, 1528, 1540, 1580, 1714, 1762, 1793, 1597, 1626, 1710, 2159, 1953, 2020, 2097, 2224, 2047, 2218, 2288, 2073, 2368, 2372, 2341, 2374, 2552, 2724, 2810, 2486, 2658]
96 [247, 607, 949, 1000, 711, 1441, 1427, 1982, 2017, 2377]
97 [258, 1183, 1043, 1129, 1306, 1398, 1530, 1622, 1451, 1975, 2095, 2185, 2675, 2590]
98 [211, 408, 431, 454, 139, 216, 226, 373, 466, 471, 401, 583, 700, 502, 789, 839, 868, 882, 626, 692, 852, 962, 673, 747, 920, 990, 883, 1089, 1165, 1231, 1233, 1291, 1175, 1287, 1313, 1378, 1428, 1454, 1192, 1333, 1363, 1420, 1506, 1605, 1636, 1334, 1417, 1537, 1551, 1705, 1797, 1836, 1709, 1965, 1769, 2067, 2122, 2171, 1860, 2064, 1953, 1982, 2318, 2408, 2109, 2193, 2245, 2445, 2457, 2330, 2420, 2473, 2490, 2566, 2387, 2576, 2797, 2437, 2478, 2520, 2547]
