1 [52, 53, 54, 55, 56, 57, 58, 59, 60, 61, 62, 63, 64, 65, 68, 69, 71, 74, 75, 76, 77, 78, 79, 81, 82, 84, 86, 87, 88, 89, 92, 93, 94, 95, 96, 97, 98]
2 [100, 101, 102, 103, 104, 105, 106, 107, 108, 109, 110, 111, 112, 113, 114, 115, 116, 117, 118, 119, 120, 121, 122, 123, 124, 126, 127, 128, 129, 130, 131, 132, 133, 134, 135, 136, 137, 138, 141, 142, 143, 144, 145, 146, 147, 148, 149]
4 [200]
7 [356, 360, 366, 367, 380, 381, 392, 393, 398]
8 [423, 432, 439]
20 [1002]
21 [1054, 1063, 1065, 1077, 1078, 1086, 1087, 1091]
22 [1101, 1102, 1103, 1104, 1105, 1106, 1107, 1108, 1109, 1110, 1111, 1112, 1113, 1114, 1115, 1116, 1117, 1118, 1119, 1120, 1121, 1122, 1123, 1124, 1125, 1126, 1127, 1128, 1129, 1130, 1132, 1133, 1134, 1135, 1136, 1137, 1138, 1139, 1140, 1141, 1142, 1143, 1144, 1145, 1146, 1147, 1148, 1149]
24 [1200, 1201, 1202, 1203, 1204, 1205, 1206, 1207, 1208, 1209, 1210, 1211, 1212, 1213, 1214, 1215, 1216, 1217, 1218, 1219, 1220, 1221, 1222, 1223, 1224, 1225, 1226, 1227, 1228, 1229, 1230, 1231, 1232, 1233, 1234, 1235, 1236, 1237, 1238, 1239, 1240, 1241, 1242, 1243, 1244, 1245, 1246, 1247, 1248, 1249]
32 [1600, 1601, 1602, 1606, 1608, 1609, 1610, 1611, 1612, 1613, 1614, 1615, 1617, 1618, 1619, 1620, 1621, 1623, 1624, 1625, 1626, 1627, 1628, 1629, 1632, 1633, 1636, 1637, 1638, 1639, 1640, 1641, 1642]
34 [1739]
35 [1754, 1755, 1757, 1760, 1762, 1765, 1766, 1767, 1769, 1770, 1774, 1775, 1776, 1777, 1778, 1781, 1791, 1796, 1799]
36 [1802, 1803, 1805, 1806, 1808, 1812, 1815, 1817, 1821, 1822, 1826, 1832, 1833, 1836, 1846, 1847]
37 [1851, 1857, 1874]
39 [1950, 1951, 1952, 1953, 1954, 1955, 1956, 1957, 1958, 1959, 1960, 1961, 1962, 1963, 1964, 1966, 1967, 1968, 1971, 1972, 1973, 1974, 1975, 1976, 1977, 1978, 1979, 1980, 1981, 1982, 1983, 1984, 1985, 1986, 1987, 1988, 1989, 1990, 1991, 1992, 1993, 1994, 1995, 1996, 1998, 1999]
43 [2155, 2174]
44 [2202, 2203, 2204, 2205, 2208, 2210, 2213, 2217, 2220, 2221, 2222, 2227, 2234, 2236, 2239, 2240, 2242, 2244, 2246, 2247, 2248]
46 [2304, 2311, 2320, 2324, 2325, 2334, 2336, 2347]
47 [2369]
49 [2457, 2460, 2462, 2465, 2467, 2469, 2471, 2473, 2477, 2483, 2487, 2488, 2489, 2490, 2494, 2499]
50 [2508, 2515, 2518, 2524, 2525, 2528, 2532, 2544]
54 [2700, 2701, 2703, 2720, 2722, 2723, 2732, 2734, 2737, 2742, 2747, 2749]
55 [2750, 2751, 2753, 2755, 2756, 2758, 2759, 2760, 2762, 2763, 2764, 2767, 2768, 2769, 2770, 2772, 2774, 2775, 2776, 2777, 2778, 2779, 2783, 2784, 2785, 2786, 2788, 2789, 2791, 2792, 2793, 2794, 2796, 2797, 2798, 2799]
58 [2916, 2928]
60 [3000, 3001, 3005, 3009, 3034, 3043, 3049]
65 [3252, 3253, 3256, 3258, 3262, 3263, 3266, 3269, 3273, 3280, 3286, 3287, 3290, 3291, 3292, 3293, 3294, 3296]
72 [3600, 3601, 3602, 3603, 3604, 3605, 3606, 3607, 3609, 3610, 3611, 3612, 3613, 3615, 3616, 3618, 3619, 3620, 3623, 3624, 3625, 3626, 3627, 3629, 3630, 3631, 3632, 3633, 3634, 3636, 3637, 3640, 3641, 3644, 3645, 3646]
74 [3724, 3731, 3746]
75 [3752, 3754, 3757, 3758, 3759, 3766, 3768, 3769, 3770, 3773, 3777, 3778, 3781, 3784, 3788, 3790, 3792, 3793, 3798, 3799]
83 [4150, 4151, 4152, 4153, 4155, 4157, 4159, 4163, 4164, 4165, 4166, 4167, 4168, 4169, 4170, 4173, 4174, 4175, 4176, 4178, 4179, 4180, 4181, 4182, 4183, 4184, 4185, 4187, 4191, 4193, 4194, 4195, 4198]
84 [4202, 4203, 4205, 4213, 4214, 4216, 4217, 4218, 4221, 4223, 4225, 4227, 4228, 4229, 4232, 4233, 4242, 4245, 4247]
89 [4456, 4457, 4459, 4461, 4463, 4469, 4470, 4473, 4475, 4479, 4481, 4482, 4489, 4491, 4493, 4494, 4497]
94 [4705, 4710, 4715]
96 [4800, 4801, 4802, 4803, 4804, 4805, 4806, 4807, 4808, 4809, 4810, 4811, 4812, 4813, 4814, 4815, 4816, 4817, 4818, 4819, 4820, 4821, 4822, 4823, 4824, 4825, 4826, 4827, 4828, 4829, 4830, 4831, 4832, 4833, 4834, 4835, 4836, 4837, 4838, 4839, 4840, 4841, 4842, 4843, 4844, 4845, 4846, 4847, 4848, 4849]
105 [5250, 5251, 5253, 5254, 5255, 5257, 5258, 5259, 5260, 5261, 5262, 5263, 5264, 5265, 5267, 5268, 5270, 5271, 5272, 5275, 5276, 5277, 5278, 5279, 5280, 5281, 5282, 5283, 5284, 5285, 5286, 5287, 5288, 5289, 5290, 5291, 5292, 5293, 5294, 5297, 5299]
108 [5404, 5411, 5418, 5419, 5422, 5423, 5426, 5428, 5429, 5431, 5433, 5434, 5436, 5444, 5445, 5447, 5448]
109 [5479, 5480, 5495]
111 [5563, 5590]
119 [5994]
127 [6390]
128 [6418, 6427, 6438]
131 [6578]
145 [7250, 7251, 7252, 7253, 7254, 7255, 7256, 7257, 7258, 7259, 7260, 7261, 7262, 7263, 7264, 7265, 7266, 7267, 7268, 7269, 7270, 7271, 7272, 7273, 7274, 7275, 7276, 7277, 7278, 7280, 7281, 7282, 7283, 7284, 7285, 7286, 7287, 7288, 7289, 7290, 7292, 7293, 7294, 7295, 7296, 7297, 7298, 7299]
146 [7302, 7307, 7309, 7310, 7311, 7312, 7315, 7316, 7322, 7324, 7325, 7328, 7329, 7330, 7331, 7334, 7335, 7337, 7339, 7343, 7344, 7346, 7348, 7349]
147 [7350, 7351, 7352, 7353, 7354, 7355, 7356, 7357, 7359, 7360, 7361, 7362, 7363, 7364, 7365, 7366, 7367, 7368, 7369, 7371, 7373, 7374, 7376, 7377, 7379, 7380, 7381, 7382, 7383, 7384, 7385, 7387, 7388, 7389, 7390, 7391, 7392, 7393, 7394, 7395, 7396, 7397, 7398, 7399]
150 [7531, 7537, 7542, 7545]
151 [7550, 7560, 7567, 7568, 7573, 7581, 7583, 7592, 7595, 7599]
158 [7900, 7902, 7920, 7922, 7925, 7933]
165 [8251, 8253, 8256, 8257, 8258, 8261, 8263, 8266, 8267, 8271, 8275, 8281, 8287, 8290, 8292, 8296]
180 [9000, 9002, 9003, 9004, 9005, 9007, 9008, 9009, 9010, 9011, 9012, 9013, 9016, 9018, 9019, 9020, 9021, 9022, 9023, 9024, 9027, 9028, 9029, 9031, 9032, 9036, 9037, 9038, 9041, 9042, 9044, 9045, 9048]
181 [9062, 9072, 9076, 9079, 9080, 9086, 9090, 9092]
187 [9384]
190 [9505, 9511, 9513, 9515, 9518, 9528, 9530, 9537, 9540, 9547]
199 [9981, 9993]
202 [10105, 10108, 10112, 10116, 10118, 10119, 10124, 10140, 10146]
203 [10162, 10171, 10174, 10180, 10190]
207 [10355, 10358, 10364, 10392]
221 [11069]
245 [12252, 12253, 12254, 12259, 12260, 12264, 12266, 12269, 12270, 12271, 12272, 12273, 12278, 12281, 12283, 12286, 12288, 12292, 12295, 12298, 12299]
250 [12504]
254 [12701, 12711, 12714, 12717, 12718, 12720, 12721, 12726, 12728, 12730, 12732, 12746, 12748]
272 [13603, 13604, 13606, 13607, 13616, 13617, 13620, 13622, 13626, 13628, 13631, 13633, 13634, 13638, 13640, 13642, 13643, 13645, 13646, 13647, 13649]
277 [13850, 13851, 13852, 13853, 13855, 13856, 13857, 13859, 13860, 13862, 13863, 13864, 13865, 13866, 13867, 13868, 13870, 13871, 13873, 13874, 13875, 13878, 13879, 13881, 13882, 13883, 13884, 13885, 13886, 13887, 13888, 13889, 13891, 13893, 13896, 13897, 13898, 13899]
280 [14003, 14011, 14015, 14016, 14021, 14025, 14027, 14035, 14037, 14038, 14039, 14042, 14045]
282 [14105, 14123, 14129, 14136, 14138, 14145, 14149]
284 [14200, 14201, 14202, 14203, 14204, 14205, 14206, 14207, 14208, 14209, 14210, 14211, 14212, 14213, 14215, 14216, 14217, 14218, 14219, 14220, 14221, 14222, 14223, 14224, 14225, 14226, 14227, 14228, 14229, 14230, 14231, 14232, 14233, 14234, 14235, 14236, 14238, 14240, 14241, 14243, 14244, 14245, 14246, 14247, 14248, 14249]
285 [14251, 14264, 14265, 14287, 14289, 14299]
288 [14400, 14401, 14402, 14403, 14404, 14405, 14406, 14407, 14408, 14409, 14410, 14411, 14412, 14413, 14415, 14416, 14417, 14418, 14420, 14421, 14423, 14424, 14425, 14426, 14427, 14428, 14429, 14430, 14431, 14432, 14433, 14434, 14435, 14436, 14438, 14439, 14440, 14441, 14442, 14443, 14445, 14446, 14447, 14448, 14449]
289 [14450, 14451, 14452, 14454, 14455, 14456, 14457, 14458, 14459, 14461, 14462, 14464, 14466, 14467, 14468, 14471, 14474, 14476, 14478, 14482, 14483, 14487, 14488, 14489, 14492, 14493, 14495, 14497, 14498, 14499]
291 [14550, 14551, 14552, 14553, 14554, 14555, 14556, 14559, 14560, 14561, 14562, 14563, 14564, 14565, 14566, 14567, 14568, 14569, 14570, 14571, 14572, 14573, 14574, 14575, 14576, 14577, 14578, 14579, 14580, 14581, 14582, 14583, 14584, 14585, 14586, 14587, 14588, 14589, 14590, 14591, 14592, 14593, 14594, 14595, 14596, 14597, 14598, 14599]
292 [14601, 14602, 14604, 14605, 14606, 14608, 14609, 14610, 14611, 14612, 14614, 14618, 14620, 14621, 14625, 14628, 14629, 14630, 14633, 14636, 14638, 14641, 14643, 14645, 14648]
293 [14651, 14665, 14667, 14669, 14670, 14676, 14688, 14698]
294 [14700, 14701, 14702, 14703, 14704, 14705, 14707, 14708, 14710, 14711, 14712, 14715, 14716, 14717, 14718, 14719, 14720, 14721, 14723, 14724, 14727, 14728, 14729, 14730, 14731, 14732, 14733, 14734, 14735, 14736, 14737, 14738, 14739, 14740, 14741, 14742, 14743, 14744, 14745, 14746, 14748]
295 [14750, 14751, 14753, 14754, 14755, 14756, 14758, 14759, 14760, 14761, 14764, 14766, 14767, 14768, 14769, 14770, 14771, 14772, 14773, 14774, 14775, 14776, 14777, 14779, 14780, 14781, 14782, 14783, 14784, 14785, 14786, 14787, 14788, 14789, 14790, 14792, 14793, 14796, 14797, 14798, 14799]
296 [14800, 14801, 14802, 14803, 14804, 14805, 14807, 14808, 14809, 14810, 14811, 14812, 14814, 14815, 14816, 14818, 14819, 14820, 14821, 14823, 14824, 14825, 14826, 14827, 14828, 14829, 14831, 14832, 14833, 14835, 14836, 14837, 14838, 14839, 14840, 14841, 14842, 14844, 14845, 14846, 14848, 14849]
297 [14860, 14872]
299 [14958, 14961, 14995]
301 [15055, 15062, 15085]
319 [15950, 15966, 15969, 15976, 15977, 15986, 15995, 15997, 15999]
323 [16154, 16161, 16171, 16177, 16178, 16180, 16182, 16188, 16192, 16195]
324 [16205, 16217, 16219, 16222, 16227, 16235, 16236, 16245, 16246, 16247]
325 [16272, 16274, 16276, 16299]
327 [16350, 16351, 16352, 16354, 16355, 16358, 16359, 16360, 16361, 16362, 16363, 16364, 16365, 16366, 16367, 16368, 16370, 16371, 16372, 16374, 16375, 16376, 16377, 16378, 16379, 16380, 16381, 16383, 16384, 16385, 16387, 16392, 16393, 16395, 16397]
329 [16484]
330 [16500, 16501, 16502, 16503, 16504, 16505, 16506, 16507, 16508, 16509, 16510, 16511, 16512, 16513, 16514, 16515, 16516, 16517, 16518, 16519, 16520, 16521, 16522, 16523, 16524, 16525, 16526, 16527, 16529, 16530, 16532, 16533, 16535, 16537, 16538, 16539, 16540, 16541, 16542, 16543, 16544, 16545, 16546, 16547, 16548]
335 [16750, 16751, 16753, 16754, 16755, 16756, 16758, 16759, 16761, 16762, 16764, 16765, 16766, 16767, 16770, 16771, 16775, 16776, 16778, 16779, 16780, 16781, 16782, 16783, 16785, 16786, 16788, 16789, 16790, 16791, 16794, 16795, 16796, 16797, 16798]
340 [17000, 17001, 17002, 17003, 17004, 17005, 17006, 17007, 17008, 17009, 17010, 17011, 17012, 17013, 17014, 17015, 17016, 17017, 17018, 17019, 17020, 17021, 17022, 17024, 17025, 17026, 17027, 17028, 17029, 17030, 17031, 17032, 17033, 17034, 17035, 17036, 17037, 17038, 17039, 17040, 17041, 17042, 17043, 17044, 17045, 17046, 17047, 17048, 17049]
341 [17081]
342 [17148]
346 [17302, 17311, 17314, 17342]
347 [17350, 17351, 17355, 17358, 17359, 17360, 17364, 17365, 17366, 17367, 17371, 17373, 17376, 17377, 17378, 17379, 17380, 17382, 17385, 17386, 17387, 17388, 17390, 17391, 17392, 17393, 17394, 17395, 17396, 17397, 17398]
349 [17450, 17452, 17453, 17454, 17455, 17456, 17457, 17460, 17461, 17462, 17463, 17465, 17466, 17467, 17468, 17469, 17470, 17471, 17472, 17473, 17474, 17476, 17477, 17478, 17479, 17480, 17481, 17482, 17483, 17484, 17485, 17486, 17487, 17488, 17489, 17490, 17491, 17492, 17493, 17494, 17496, 17497, 17498, 17499]
352 [17645]
354 [17700, 17701, 17702, 17703, 17704, 17705, 17706, 17708, 17709, 17712, 17713, 17715, 17716, 17717, 17718, 17719, 17720, 17721, 17722, 17723, 17724, 17725, 17726, 17728, 17729, 17731, 17733, 17734, 17735, 17736, 17737, 17738, 17739, 17742, 17743, 17744, 17745, 17746, 17747, 17748, 17749]
355 [17751, 17753, 17755, 17756, 17760, 17761, 17763, 17766, 17770, 17771, 17772, 17773, 17780, 17781, 17783, 17785, 17788, 17791, 17792, 17793, 17797, 17799]
365 [18251, 18252, 18256, 18259, 18261, 18264, 18265, 18266, 18267, 18271, 18273, 18274, 18276, 18277, 18278, 18285, 18290, 18291, 18293, 18294, 18296, 18297, 18299]
366 [18300, 18301, 18302, 18303, 18304, 18305, 18307, 18308, 18309, 18310, 18311, 18312, 18313, 18317, 18318, 18319, 18320, 18322, 18323, 18326, 18327, 18328, 18329, 18332, 18333, 18334, 18335, 18337, 18338, 18340, 18342, 18345, 18346, 18347, 18348, 18349]
373 [18650, 18651, 18652, 18654, 18657, 18658, 18660, 18662, 18663, 18664, 18666, 18668, 18669, 18670, 18672, 18673, 18674, 18675, 18676, 18677, 18678, 18679, 18680, 18681, 18682, 18683, 18684, 18685, 18686, 18687, 18688, 18689, 18690, 18691, 18692, 18693, 18696, 18698, 18699]
376 [18815, 18840]
382 [19105, 19109, 19120, 19124, 19136, 19140, 19142, 19146]
385 [19250, 19253, 19255, 19257, 19260, 19265, 19271, 19272, 19278, 19280, 19285, 19288, 19296, 19297, 19298]
386 [19302, 19303, 19304, 19305, 19306, 19308, 19309, 19310, 19311, 19314, 19315, 19316, 19317, 19319, 19320, 19321, 19322, 19323, 19324, 19325, 19326, 19327, 19330, 19331, 19332, 19333, 19334, 19335, 19336, 19337, 19338, 19341, 19343, 19345, 19347, 19348, 19349]
387 [19350, 19351, 19352, 19353, 19354, 19355, 19356, 19358, 19359, 19360, 19362, 19363, 19368, 19371, 19372, 19373, 19375, 19376, 19377, 19381, 19385, 19386, 19387, 19389, 19390, 19392, 19393, 19395, 19396, 19397]
388 [19401, 19402, 19405, 19407, 19410, 19414, 19415, 19417, 19420, 19422, 19424, 19425, 19428, 19430, 19433, 19437, 19443, 19446, 19447]
393 [19651, 19655, 19657, 19660, 19672, 19673, 19674, 19678, 19679, 19683, 19684, 19685, 19687, 19688, 19696, 19699]
396 [19811, 19817]
400 [20000, 20002, 20003, 20004, 20006, 20008, 20009, 20010, 20011, 20015, 20016, 20017, 20018, 20019, 20020, 20023, 20024, 20025, 20027, 20028, 20030, 20031, 20032, 20033, 20035, 20036, 20037, 20040, 20042, 20044, 20045, 20047, 20048, 20049]
401 [20051, 20053, 20054, 20063, 20069, 20070, 20073, 20086, 20088, 20091, 20092, 20093]
402 [20100, 20101, 20102, 20103, 20104, 20105, 20106, 20107, 20108, 20110, 20111, 20112, 20113, 20114, 20115, 20116, 20117, 20118, 20119, 20120, 20121, 20122, 20123, 20124, 20126, 20128, 20129, 20130, 20131, 20135, 20136, 20137, 20139, 20140, 20141, 20142, 20143, 20144, 20145, 20146, 20147, 20148]
403 [20151, 20155, 20158, 20159, 20163, 20167, 20172, 20174, 20175, 20176, 20177, 20178, 20181, 20182, 20184, 20187, 20188, 20189, 20192, 20197, 20198]
404 [20200, 20201, 20202, 20203, 20204, 20205, 20206, 20208, 20209, 20210, 20211, 20213, 20214, 20215, 20216, 20217, 20218, 20219, 20220, 20221, 20222, 20223, 20224, 20225, 20226, 20227, 20228, 20229, 20230, 20231, 20232, 20233, 20234, 20235, 20237, 20238, 20239, 20241, 20242, 20243, 20244, 20245, 20246, 20247, 20248, 20249]
406 [20301, 20302, 20303, 20307, 20308, 20309, 20310, 20311, 20312, 20313, 20314, 20315, 20316, 20317, 20318, 20319, 20320, 20321, 20322, 20323, 20324, 20325, 20326, 20327, 20328, 20329, 20330, 20331, 20332, 20333, 20334, 20335, 20336, 20337, 20338, 20339, 20340, 20341, 20342, 20343, 20344, 20345, 20346, 20347, 20348, 20349]
407 [20350, 20351, 20352, 20353, 20354, 20355, 20356, 20357, 20359, 20360, 20361, 20363, 20364, 20365, 20366, 20367, 20368, 20369, 20370, 20372, 20373, 20375, 20376, 20377, 20378, 20379, 20380, 20381, 20382, 20383, 20384, 20385, 20386, 20387, 20388, 20389, 20390, 20391, 20392, 20393, 20394, 20395, 20396, 20397, 20399]
409 [20454, 20458, 20460, 20462, 20463, 20466, 20467, 20468, 20476, 20479, 20486, 20491, 20492, 20494, 20495, 20497, 20498]
410 [20543]
413 [20652, 20661, 20669, 20688, 20693]
414 [20701, 20702, 20703, 20705, 20706, 20707, 20708, 20709, 20711, 20714, 20718, 20719, 20722, 20724, 20726, 20728, 20729, 20732, 20733, 20735, 20736, 20740, 20742, 20745]
416 [20802, 20803, 20805, 20807, 20808, 20809, 20810, 20812, 20814, 20815, 20820, 20822, 20823, 20825, 20826, 20827, 20830, 20833, 20837, 20838, 20840, 20841, 20842, 20844, 20846, 20849]
420 [21004, 21005, 21006, 21012, 21014, 21019, 21022, 21023, 21025, 21026, 21027, 21028, 21032, 21033, 21041, 21042]
421 [21052, 21055, 21076]
423 [21153, 21156, 21157, 21158, 21159, 21161, 21162, 21164, 21165, 21166, 21170, 21171, 21172, 21174, 21175, 21176, 21177, 21178, 21180, 21183, 21185, 21186, 21188, 21190, 21191, 21194, 21195, 21196, 21197, 21199]
424 [21201, 21203, 21204, 21205, 21211, 21212, 21213, 21214, 21219, 21220, 21226, 21227, 21228, 21233, 21235, 21238, 21242, 21244]
425 [21250, 21251, 21252, 21253, 21254, 21255, 21256, 21257, 21258, 21259, 21260, 21261, 21262, 21263, 21264, 21265, 21266, 21267, 21268, 21269, 21270, 21272, 21273, 21274, 21275, 21276, 21277, 21278, 21279, 21281, 21282, 21283, 21284, 21285, 21286, 21287, 21288, 21289, 21290, 21291, 21292, 21293, 21294, 21295, 21296, 21298, 21299]
429 [21450, 21452, 21453, 21454, 21455, 21457, 21459, 21460, 21462, 21463, 21464, 21467, 21468, 21470, 21471, 21472, 21475, 21477, 21478, 21479, 21480, 21483, 21486, 21489, 21490, 21491, 21492, 21493, 21497, 21498]
430 [21500, 21501, 21502, 21503, 21504, 21505, 21506, 21507, 21508, 21509, 21510, 21511, 21512, 21513, 21514, 21515, 21516, 21517, 21518, 21519, 21520, 21521, 21522, 21523, 21524, 21525, 21526, 21527, 21528, 21529, 21530, 21531, 21532, 21533, 21534, 21535, 21536, 21537, 21538, 21539, 21540, 21541, 21542, 21543, 21544, 21545, 21546, 21547, 21548, 21549]
433 [21669, 21670]
434 [21700, 21701, 21703, 21704, 21705, 21706, 21709, 21714, 21716, 21717, 21718, 21722, 21727, 21728, 21729, 21735, 21736, 21737, 21738, 21739, 21742, 21744, 21745, 21746]
435 [21754, 21755, 21756, 21757, 21759, 21761, 21763, 21766, 21767, 21768, 21769, 21770, 21772, 21773, 21777, 21778, 21779, 21780, 21783, 21786, 21787, 21788, 21789, 21790, 21791, 21792, 21794, 21797, 21798, 21799]
437 [21850, 21851, 21852, 21853, 21854, 21855, 21856, 21857, 21859, 21860, 21861, 21862, 21863, 21864, 21865, 21866, 21867, 21869, 21870, 21871, 21872, 21873, 21874, 21875, 21876, 21877, 21878, 21879, 21880, 21881, 21882, 21883, 21884, 21885, 21886, 21887, 21888, 21889, 21890, 21891, 21892, 21893, 21896, 21897, 21899]
438 [21903, 21907, 21912, 21915, 21916, 21917, 21918, 21921, 21931, 21933, 21935, 21944]
440 [22000, 22001, 22002, 22003, 22004, 22005, 22007, 22008, 22009, 22010, 22011, 22012, 22013, 22014, 22015, 22016, 22017, 22018, 22019, 22020, 22021, 22022, 22023, 22024, 22025, 22026, 22028, 22030, 22031, 22032, 22033, 22034, 22035, 22036, 22037, 22038, 22039, 22040, 22041, 22042, 22043, 22044, 22047, 22048]
441 [22051, 22052, 22053, 22054, 22056, 22057, 22058, 22059, 22060, 22062, 22063, 22065, 22067, 22068, 22070, 22072, 22073, 22075, 22076, 22077, 22078, 22080, 22081, 22083, 22084, 22085, 22086, 22088, 22090, 22091, 22093, 22096, 22097, 22098, 22099]
442 [22100, 22101, 22102, 22105, 22107, 22110, 22115, 22120, 22122, 22124, 22126, 22130, 22132, 22134, 22138, 22141, 22142, 22145, 22146, 22148, 22149]
444 [22201, 22202, 22203, 22204, 22205, 22206, 22207, 22208, 22209, 22210, 22211, 22212, 22213, 22214, 22215, 22216, 22217, 22218, 22219, 22220, 22221, 22224, 22225, 22226, 22227, 22228, 22229, 22230, 22231, 22232, 22233, 22234, 22235, 22236, 22237, 22238, 22239, 22240, 22241, 22242, 22243, 22244, 22245, 22247, 22248]
445 [22251, 22254, 22255, 22260, 22261, 22262, 22264, 22265, 22266, 22268, 22269, 22270, 22271, 22272, 22273, 22275, 22276, 22277, 22278, 22279, 22280, 22281, 22283, 22286, 22287, 22290, 22291, 22292, 22294, 22297, 22299]
447 [22350, 22355, 22357, 22360, 22361, 22366, 22367, 22368, 22369, 22370, 22372, 22378, 22379, 22383, 22386, 22389, 22391, 22392, 22393, 22395, 22396, 22397, 22398, 22399]
448 [22401, 22403, 22404, 22405, 22407, 22408, 22409, 22410, 22411, 22412, 22413, 22414, 22415, 22416, 22418, 22419, 22420, 22422, 22424, 22425, 22426, 22428, 22429, 22431, 22432, 22433, 22434, 22435, 22436, 22437, 22438, 22440, 22441, 22442, 22443, 22444, 22445, 22446, 22447, 22448, 22449]
449 [22459, 22472, 22474, 22482, 22489]
453 [22650, 22651, 22653, 22654, 22655, 22657, 22658, 22659, 22660, 22662, 22663, 22666, 22667, 22668, 22671, 22672, 22673, 22675, 22676, 22677, 22679, 22680, 22682, 22683, 22684, 22685, 22686, 22687, 22688, 22691, 22693, 22694, 22695, 22697, 22699]
455 [22756]
463 [23150, 23152, 23160, 23161, 23168, 23171, 23172, 23175, 23177, 23186, 23187, 23189, 23195]
466 [23300, 23301, 23302, 23303, 23304, 23305, 23306, 23307, 23308, 23309, 23310, 23311, 23312, 23313, 23314, 23316, 23317, 23318, 23319, 23320, 23321, 23322, 23323, 23324, 23325, 23326, 23328, 23329, 23330, 23331, 23332, 23333, 23334, 23335, 23336, 23337, 23338, 23339, 23340, 23341, 23342, 23343, 23344, 23345, 23346, 23347, 23348, 23349]
468 [23400, 23401, 23402, 23403, 23404, 23406, 23408, 23412, 23415, 23418, 23420, 23421, 23422, 23425, 23427, 23428, 23429, 23430, 23432, 23433, 23436, 23441, 23442, 23444, 23445, 23447, 23448, 23449]
470 [23501, 23504, 23505, 23506, 23507, 23508, 23510, 23511, 23512, 23514, 23517, 23519, 23520, 23522, 23523, 23524, 23526, 23528, 23529, 23532, 23536, 23537, 23538, 23541, 23543, 23544, 23545, 23547, 23548, 23549]
471 [23552, 23553, 23554, 23560, 23561, 23565, 23567, 23569, 23575, 23576, 23577, 23578, 23580, 23581, 23585, 23587, 23588, 23589, 23591, 23594, 23595, 23597, 23598]
472 [23600, 23601, 23602, 23603, 23604, 23605, 23606, 23607, 23608, 23609, 23610, 23611, 23612, 23613, 23614, 23615, 23616, 23617, 23618, 23619, 23620, 23621, 23622, 23623, 23624, 23625, 23626, 23627, 23628, 23629, 23630, 23631, 23632, 23633, 23634, 23635, 23636, 23637, 23638, 23639, 23640, 23641, 23642, 23643, 23644, 23645, 23646, 23647, 23648, 23649]
475 [23750, 23751, 23753, 23754, 23755, 23756, 23757, 23758, 23759, 23760, 23761, 23762, 23763, 23764, 23765, 23766, 23767, 23768, 23769, 23770, 23771, 23772, 23773, 23774, 23775, 23777, 23778, 23779, 23780, 23781, 23782, 23783, 23784, 23785, 23786, 23788, 23789, 23790, 23791, 23792, 23793, 23794, 23795, 23796, 23797, 23799]
477 [23851, 23854, 23862, 23875, 23878, 23882, 23891]
478 [23911]
479 [23951, 23953, 23956, 23958, 23962, 23963, 23964, 23969, 23974, 23976, 23977, 23978, 23981, 23983, 23986, 23988, 23991, 23993, 23994, 23995, 23998, 23999]
480 [24002, 24025, 24026, 24027, 24030, 24032, 24037, 24040, 24041, 24042, 24043]
482 [24129]
483 [24150, 24152, 24153, 24154, 24156, 24157, 24158, 24159, 24160, 24161, 24162, 24163, 24164, 24167, 24168, 24169, 24170, 24172, 24173, 24175, 24176, 24177, 24178, 24181, 24183, 24184, 24185, 24186, 24187, 24188, 24189, 24190, 24191, 24192, 24193, 24194, 24195, 24196, 24197, 24198, 24199]
484 [24201, 24202, 24203, 24204, 24206, 24207, 24208, 24210, 24211, 24212, 24213, 24214, 24215, 24216, 24217, 24218, 24219, 24220, 24222, 24223, 24224, 24226, 24229, 24230, 24231, 24232, 24235, 24236, 24237, 24238, 24239, 24240, 24241, 24243, 24244, 24246, 24247, 24248]
485 [24252, 24253, 24256, 24258, 24260, 24261, 24265, 24275, 24283, 24287, 24289, 24290, 24291, 24297, 24299]
486 [24349]
487 [24352, 24353, 24354, 24359, 24360, 24361, 24363, 24364, 24366, 24369, 24370, 24372, 24374, 24379, 24380, 24382, 24383, 24384, 24391, 24392]
489 [24450, 24454, 24455, 24457, 24458, 24459, 24460, 24461, 24462, 24463, 24464, 24465, 24466, 24468, 24469, 24470, 24471, 24475, 24476, 24477, 24480, 24483, 24485, 24486, 24489, 24491, 24492, 24496]
490 [24526, 24527, 24530]
495 [24764, 24771, 24775, 24787, 24792]
496 [24800, 24801, 24802, 24803, 24805, 24806, 24807, 24808, 24809, 24810, 24811, 24812, 24813, 24814, 24815, 24817, 24819, 24820, 24821, 24824, 24825, 24826, 24827, 24828, 24830, 24832, 24833, 24834, 24835, 24836, 24837, 24838, 24839, 24840, 24841, 24842, 24843, 24844, 24845, 24846, 24847, 24848, 24849]
497 [24850, 24851, 24852, 24853, 24854, 24855, 24856, 24858, 24859, 24861, 24862, 24863, 24864, 24865, 24867, 24869, 24870, 24872, 24877, 24878, 24879, 24880, 24882, 24883, 24885, 24888, 24892, 24893, 24894, 24896, 24899]
498 [24901, 24905, 24907, 24908, 24909, 24911, 24912, 24919, 24920, 24921, 24925, 24926, 24930, 24931, 24936, 24938, 24941, 24945, 24949]
500 [25026]
503 [25150, 25154, 25158, 25160, 25163, 25169, 25170, 25173, 25176, 25178, 25181, 25185, 25190, 25194, 25197]
504 [25202, 25203, 25206, 25210, 25211, 25216, 25218, 25222, 25223, 25226, 25229, 25234, 25240, 25242, 25245, 25248]
505 [25259, 25274, 25288]
507 [25396]
508 [25400, 25401, 25405, 25406, 25407, 25408, 25413, 25417, 25420, 25421, 25422, 25424, 25426, 25428, 25430, 25434, 25436, 25437, 25438, 25441, 25444, 25445, 25446]
509 [25484]
510 [25500, 25501, 25502, 25503, 25505, 25506, 25507, 25508, 25509, 25510, 25512, 25513, 25514, 25515, 25516, 25517, 25518, 25519, 25520, 25521, 25522, 25523, 25524, 25525, 25526, 25527, 25528, 25529, 25530, 25531, 25532, 25533, 25534, 25535, 25536, 25537, 25538, 25539, 25540, 25541, 25542, 25543, 25545, 25546, 25547, 25548]
514 [25700, 25702, 25704, 25705, 25706, 25707, 25708, 25709, 25710, 25711, 25712, 25713, 25714, 25715, 25716, 25717, 25718, 25719, 25721, 25722, 25725, 25727, 25728, 25730, 25731, 25733, 25735, 25736, 25738, 25739, 25740, 25741, 25742, 25744, 25745, 25746, 25748]
515 [25750, 25751, 25752, 25754, 25755, 25756, 25757, 25758, 25759, 25760, 25761, 25762, 25765, 25766, 25767, 25768, 25770, 25771, 25772, 25773, 25774, 25776, 25777, 25778, 25779, 25780, 25781, 25782, 25783, 25785, 25786, 25787, 25790, 25791, 25792, 25793, 25795, 25797, 25798, 25799]
518 [25900, 25901, 25903, 25904, 25905, 25906, 25907, 25908, 25909, 25911, 25912, 25914, 25915, 25916, 25918, 25919, 25920, 25921, 25923, 25924, 25926, 25927, 25928, 25929, 25930, 25931, 25932, 25933, 25934, 25935, 25936, 25938, 25939, 25940, 25941, 25942, 25943, 25945, 25946, 25947, 25948, 25949]
521 [26051, 26053, 26066, 26069, 26073, 26075, 26079, 26082, 26090, 26096]
522 [26100, 26104, 26106, 26107, 26109, 26115, 26116, 26119, 26121, 26122, 26124, 26126, 26127, 26128, 26130, 26132, 26133, 26135, 26139, 26140, 26142, 26143, 26145, 26149]
525 [26270]
526 [26300, 26301, 26302, 26303, 26304, 26305, 26306, 26307, 26310, 26311, 26313, 26315, 26317, 26318, 26319, 26320, 26322, 26324, 26325, 26328, 26329, 26331, 26333, 26335, 26337, 26338, 26339, 26340, 26341, 26343, 26344, 26346, 26347, 26348, 26349]
527 [26353, 26354, 26356, 26357, 26358, 26359, 26360, 26361, 26363, 26364, 26368, 26375, 26376, 26377, 26378, 26381, 26385, 26387, 26388, 26390, 26391, 26394, 26395, 26396, 26397, 26398]
528 [26401, 26402, 26403, 26404, 26405, 26406, 26407, 26408, 26409, 26410, 26411, 26412, 26414, 26416, 26418, 26420, 26421, 26422, 26423, 26424, 26425, 26427, 26429, 26431, 26432, 26433, 26434, 26435, 26436, 26437, 26439, 26440, 26441, 26442, 26445, 26446, 26447, 26448, 26449]
530 [26500, 26501, 26502, 26503, 26504, 26506, 26507, 26508, 26509, 26510, 26513, 26515, 26516, 26517, 26521, 26523, 26524, 26525, 26526, 26527, 26528, 26529, 26530, 26531, 26532, 26533, 26535, 26536, 26537, 26538, 26539, 26540, 26543, 26544, 26546, 26547, 26548, 26549]
532 [26600, 26601, 26602, 26603, 26604, 26605, 26606, 26607, 26608, 26610, 26611, 26612, 26613, 26614, 26615, 26616, 26617, 26619, 26620, 26621, 26622, 26623, 26624, 26625, 26626, 26627, 26629, 26631, 26632, 26633, 26636, 26637, 26638, 26639, 26640, 26642, 26643, 26644, 26645, 26646, 26647, 26648, 26649]
534 [26701, 26705, 26706, 26710, 26711, 26715, 26717, 26724, 26729, 26731, 26732, 26739, 26749]
536 [26804, 26814, 26828, 26845, 26848]
537 [26850, 26851, 26853, 26854, 26855, 26856, 26857, 26858, 26859, 26860, 26861, 26863, 26864, 26865, 26866, 26867, 26868, 26869, 26870, 26871, 26872, 26873, 26874, 26875, 26876, 26877, 26878, 26879, 26880, 26881, 26882, 26883, 26885, 26886, 26887, 26888, 26889, 26890, 26892, 26894, 26895, 26896, 26897, 26898, 26899]
538 [26900, 26901, 26903, 26904, 26905, 26906, 26907, 26909, 26910, 26911, 26912, 26913, 26914, 26915, 26918, 26919, 26922, 26923, 26925, 26926, 26928, 26929, 26930, 26931, 26933, 26934, 26935, 26938, 26940, 26941, 26942, 26943, 26944, 26945]
540 [27011, 27027, 27035, 27047]
541 [27051, 27052, 27054, 27057, 27061, 27064, 27065, 27067, 27068, 27071, 27072, 27074, 27077, 27078, 27079, 27080, 27083, 27084, 27086, 27087, 27088, 27090, 27092, 27095, 27096, 27098]
545 [27251, 27252, 27253, 27254, 27255, 27256, 27257, 27258, 27259, 27260, 27261, 27262, 27263, 27264, 27265, 27267, 27268, 27269, 27270, 27271, 27272, 27273, 27275, 27276, 27277, 27278, 27279, 27280, 27281, 27282, 27284, 27285, 27286, 27287, 27288, 27290, 27291, 27292, 27293, 27295, 27296, 27297, 27298, 27299]
546 [27300, 27303, 27306, 27308, 27312, 27315, 27320, 27321, 27325, 27326, 27327, 27332, 27333, 27336, 27338, 27341, 27342, 27344, 27347]
547 [27351, 27352, 27356, 27358, 27363, 27366, 27367, 27368, 27371, 27376, 27386, 27390, 27391, 27392, 27395, 27396]
548 [27406]
550 [27502, 27504, 27508, 27511, 27522, 27528, 27537, 27545, 27546]
551 [27555, 27565, 27574]
554 [27700, 27701, 27702, 27703, 27704, 27705, 27706, 27708, 27709, 27710, 27711, 27712, 27713, 27714, 27715, 27716, 27718, 27720, 27721, 27722, 27723, 27724, 27725, 27726, 27727, 27728, 27730, 27731, 27732, 27733, 27734, 27735, 27736, 27737, 27738, 27739, 27740, 27741, 27742, 27744, 27745, 27746, 27747, 27748, 27749]
556 [27805]
558 [27907, 27917, 27926, 27927]
559 [27950, 27953, 27954, 27955, 27956, 27957, 27959, 27961, 27963, 27964, 27969, 27971, 27973, 27974, 27975, 27976, 27977, 27978, 27979, 27980, 27983, 27985, 27987, 27988, 27989, 27990, 27991, 27992, 27993, 27994, 27995, 27997, 27998, 27999]
560 [28000, 28001, 28002, 28003, 28004, 28005, 28006, 28007, 28008, 28010, 28011, 28012, 28013, 28014, 28015, 28016, 28017, 28019, 28020, 28021, 28022, 28023, 28024, 28027, 28028, 28029, 28030, 28031, 28032, 28033, 28034, 28035, 28036, 28037, 28038, 28039, 28040, 28041, 28042, 28043, 28044, 28045, 28046, 28047, 28048, 28049]
561 [28078]
562 [28100, 28101, 28102, 28103, 28104, 28106, 28107, 28108, 28109, 28110, 28111, 28112, 28113, 28114, 28117, 28119, 28120, 28121, 28122, 28123, 28124, 28125, 28126, 28128, 28129, 28131, 28133, 28134, 28135, 28136, 28137, 28138, 28139, 28140, 28141, 28142, 28143, 28144, 28145, 28146, 28147, 28148, 28149]
563 [28150, 28151, 28152, 28153, 28154, 28155, 28156, 28157, 28158, 28159, 28160, 28161, 28163, 28164, 28165, 28166, 28167, 28168, 28169, 28170, 28171, 28172, 28173, 28174, 28175, 28177, 28178, 28179, 28180, 28181, 28182, 28183, 28184, 28185, 28186, 28187, 28188, 28189, 28190, 28191, 28192, 28193, 28194, 28195, 28196, 28197, 28198, 28199]
565 [28250, 28251, 28252, 28253, 28254, 28255, 28256, 28257, 28258, 28259, 28260, 28261, 28263, 28264, 28266, 28267, 28268, 28269, 28271, 28272, 28273, 28274, 28275, 28276, 28278, 28279, 28280, 28281, 28282, 28283, 28284, 28285, 28287, 28288, 28289, 28290, 28291, 28292, 28293, 28294, 28295, 28296, 28297, 28298, 28299]
567 [28351, 28352, 28356, 28359, 28360, 28361, 28364, 28365, 28373, 28375, 28379, 28380, 28382, 28387, 28388, 28393, 28395, 28396, 28398]
569 [28450, 28456, 28458, 28459, 28463, 28465, 28466, 28467, 28468, 28475, 28477, 28486, 28490, 28494, 28496, 28497, 28499]
571 [28552, 28559, 28563, 28564, 28566, 28574, 28575, 28577, 28579, 28581, 28582, 28585, 28586, 28587, 28588, 28589, 28590, 28594, 28595, 28598, 28599]
574 [28700, 28701, 28702, 28703, 28704, 28706, 28707, 28708, 28709, 28710, 28711, 28713, 28714, 28715, 28717, 28719, 28720, 28721, 28722, 28723, 28724, 28725, 28726, 28727, 28728, 28729, 28731, 28732, 28733, 28734, 28735, 28736, 28739, 28740, 28741, 28742, 28743, 28744, 28745, 28746, 28747, 28748, 28749]
575 [28750, 28756, 28761, 28764, 28777, 28781, 28782, 28785, 28791, 28796, 28799]
576 [28800, 28802, 28805, 28811, 28815, 28817, 28818, 28822, 28827, 28830, 28831, 28835, 28836, 28841, 28844, 28845, 28846, 28847, 28848]
579 [28950, 28951, 28952, 28953, 28954, 28955, 28956, 28957, 28958, 28959, 28960, 28962, 28963, 28964, 28965, 28966, 28967, 28968, 28969, 28970, 28971, 28972, 28973, 28974, 28975, 28976, 28977, 28978, 28979, 28980, 28981, 28982, 28984, 28985, 28986, 28987, 28989, 28990, 28991, 28992, 28993, 28995, 28996, 28997, 28998, 28999]
580 [29006, 29017, 29022, 29026]
582 [29102, 29106, 29108, 29111, 29112, 29113, 29118, 29119, 29120, 29121, 29122, 29123, 29124, 29126, 29128, 29130, 29134, 29135, 29136, 29137, 29139, 29140, 29143, 29146, 29149]
585 [29255, 29256, 29259, 29278]
587 [29351, 29360, 29377, 29378, 29383]
588 [29400, 29401, 29403, 29404, 29407, 29408, 29409, 29410, 29411, 29412, 29413, 29414, 29417, 29418, 29419, 29420, 29422, 29423, 29424, 29425, 29428, 29430, 29431, 29433, 29435, 29437, 29438, 29439, 29440, 29442, 29443, 29446, 29448]
590 [29504, 29508, 29514, 29515, 29535, 29537, 29544]
598 [29902, 29907, 29908, 29911, 29930]
599 [29951, 29953, 29961, 29963, 29964, 29965, 29967, 29968, 29976, 29978, 29979, 29981, 29982, 29984, 29985, 29990, 29991, 29992, 29994, 29995, 29996]
601 [30062, 30083, 30087, 30097]
602 [30114]
603 [30150, 30151, 30154, 30155, 30156, 30157, 30158, 30159, 30160, 30161, 30162, 30163, 30164, 30166, 30167, 30168, 30169, 30171, 30172, 30173, 30174, 30175, 30176, 30178, 30179, 30180, 30182, 30183, 30184, 30185, 30186, 30187, 30188, 30189, 30191, 30192, 30193, 30194, 30195, 30196, 30198, 30199]
605 [30251, 30252, 30253, 30257, 30258, 30259, 30260, 30264, 30266, 30269, 30270, 30271, 30274, 30277, 30278, 30279, 30280, 30281, 30282, 30283, 30284, 30285, 30286, 30287, 30290, 30291, 30292, 30294, 30295, 30296]
607 [30350, 30351, 30352, 30353, 30355, 30357, 30358, 30361, 30364, 30365, 30366, 30367, 30368, 30369, 30370, 30371, 30372, 30373, 30374, 30375, 30376, 30377, 30378, 30379, 30380, 30381, 30382, 30383, 30384, 30385, 30386, 30387, 30389, 30390, 30391, 30392, 30393, 30394, 30395, 30396, 30397, 30399]
608 [30401, 30402, 30403, 30404, 30405, 30406, 30407, 30408, 30409, 30413, 30414, 30415, 30416, 30417, 30418, 30419, 30420, 30422, 30424, 30425, 30429, 30430, 30431, 30432, 30434, 30435, 30438, 30439, 30441, 30442, 30444, 30446, 30448, 30449]
609 [30451, 30454, 30455, 30458, 30462, 30464, 30465, 30469, 30474, 30475, 30488, 30490, 30492, 30494, 30495, 30496, 30498, 30499]
610 [30506]
611 [30551, 30553, 30555, 30556, 30557, 30558, 30559, 30560, 30561, 30562, 30564, 30565, 30566, 30567, 30568, 30569, 30571, 30572, 30573, 30574, 30575, 30576, 30577, 30578, 30579, 30580, 30581, 30582, 30583, 30584, 30585, 30587, 30588, 30589, 30590, 30591, 30592, 30593, 30595, 30596, 30597, 30599]
613 [30650, 30652, 30654, 30655, 30656, 30657, 30658, 30661, 30662, 30663, 30666, 30667, 30668, 30670, 30671, 30672, 30674, 30679, 30684, 30689, 30691, 30693, 30694, 30695, 30696, 30697, 30698, 30699]
614 [30700, 30701, 30702, 30703, 30704, 30705, 30706, 30707, 30708, 30709, 30710, 30711, 30712, 30713, 30714, 30715, 30717, 30718, 30719, 30720, 30721, 30722, 30723, 30724, 30725, 30726, 30727, 30728, 30729, 30730, 30731, 30732, 30733, 30734, 30735, 30736, 30737, 30738, 30739, 30740, 30741, 30742, 30743, 30744, 30746, 30747, 30748, 30749]
617 [30850, 30852, 30853, 30854, 30857, 30861, 30862, 30863, 30864, 30865, 30869, 30872, 30873, 30874, 30875, 30876, 30877, 30880, 30881, 30882, 30884, 30887, 30889, 30891, 30892, 30893, 30895, 30897, 30898, 30899]
624 [31201, 31202, 31208, 31210, 31219, 31221, 31222, 31223, 31227, 31229, 31232, 31233, 31236, 31238, 31243, 31244, 31246, 31248, 31249]
627 [31352, 31353, 31355, 31356, 31358, 31360, 31366, 31369, 31370, 31371, 31372, 31375, 31376, 31377, 31378, 31379, 31386, 31387, 31389, 31393, 31396]
633 [31652, 31666, 31668, 31669]
637 [31852, 31854, 31856, 31857, 31858, 31859, 31860, 31861, 31866, 31867, 31871, 31873, 31875, 31877, 31878, 31879, 31880, 31881, 31882, 31883, 31886, 31889, 31892, 31895, 31898, 31899]
643 [32151, 32152, 32166, 32167, 32168, 32170, 32171, 32175, 32179, 32181, 32182, 32184, 32196, 32199]
644 [32200, 32203, 32211, 32212, 32213, 32221, 32230, 32233, 32236, 32240, 32241, 32243]
645 [32251, 32259, 32267, 32269, 32273, 32277, 32278, 32279, 32287, 32288, 32297]
646 [32301, 32302, 32303, 32305, 32306, 32307, 32308, 32309, 32310, 32311, 32312, 32313, 32314, 32315, 32316, 32317, 32318, 32319, 32320, 32322, 32324, 32326, 32327, 32328, 32330, 32331, 32332, 32333, 32334, 32337, 32338, 32339, 32341, 32342, 32343, 32344, 32345, 32346, 32347, 32349]
648 [32405, 32408, 32412, 32417, 32418, 32432, 32433, 32447]
650 [32501, 32502, 32503, 32505, 32506, 32509, 32510, 32511, 32512, 32516, 32517, 32519, 32520, 32522, 32523, 32524, 32525, 32526, 32527, 32528, 32529, 32530, 32531, 32532, 32533, 32534, 32536, 32537, 32538, 32539, 32540, 32541, 32544, 32545, 32546, 32548, 32549]
651 [32551, 32556, 32558, 32560, 32561, 32566, 32568, 32569, 32571, 32579, 32581, 32587, 32589, 32591, 32592, 32594, 32598]
652 [32600, 32601, 32602, 32603, 32605, 32606, 32607, 32609, 32610, 32612, 32613, 32615, 32616, 32617, 32618, 32619, 32620, 32621, 32622, 32623, 32624, 32625, 32626, 32628, 32629, 32630, 32631, 32633, 32634, 32635, 32636, 32637, 32638, 32639, 32640, 32642, 32643, 32644, 32645, 32646, 32647, 32648, 32649]
653 [32654, 32688, 32689, 32694]
654 [32700, 32701, 32702, 32703, 32707, 32708, 32710, 32711, 32712, 32713, 32714, 32715, 32716, 32717, 32719, 32721, 32722, 32724, 32729, 32733, 32735, 32736, 32737, 32738, 32739, 32744, 32746]
656 [32802, 32804, 32805, 32809, 32810, 32812, 32817, 32820, 32822, 32823, 32828, 32833, 32834, 32839, 32841, 32843, 32846, 32848]
657 [32850, 32851, 32852, 32853, 32854, 32857, 32862, 32868, 32869, 32871, 32872, 32873, 32874, 32875, 32876, 32880, 32881, 32883, 32884, 32886, 32887, 32889, 32891, 32892, 32893, 32894, 32895, 32897, 32898, 32899]
658 [32901, 32909, 32910, 32916, 32922, 32926, 32929, 32931, 32936, 32938, 32939, 32943, 32945, 32946, 32949]
659 [32950, 32951, 32953, 32954, 32955, 32956, 32957, 32958, 32959, 32960, 32961, 32962, 32963, 32964, 32965, 32967, 32968, 32969, 32970, 32971, 32972, 32974, 32975, 32976, 32977, 32981, 32982, 32984, 32985, 32986, 32987, 32988, 32989, 32990, 32991, 32992, 32998]
660 [33001, 33007, 33008, 33009, 33010, 33012, 33013, 33014, 33015, 33017, 33018, 33019, 33020, 33021, 33025, 33026, 33028, 33029, 33030, 33032, 33033, 33039, 33040, 33042, 33045, 33046, 33047]
663 [33151, 33156, 33163, 33165, 33166, 33167, 33168, 33174, 33176, 33178, 33180, 33181, 33185, 33187, 33189, 33190, 33192]
664 [33200, 33215, 33219, 33226, 33227, 33230, 33234, 33235, 33240, 33247, 33249]
665 [33251, 33254, 33256, 33257, 33258, 33259, 33262, 33264, 33265, 33270, 33271, 33272, 33273, 33274, 33282, 33284, 33289, 33291, 33296, 33297, 33298, 33299]
668 [33400, 33401, 33402, 33403, 33404, 33405, 33406, 33407, 33408, 33409, 33410, 33411, 33412, 33413, 33414, 33415, 33416, 33417, 33418, 33419, 33420, 33421, 33422, 33423, 33424, 33425, 33426, 33427, 33428, 33429, 33430, 33431, 33432, 33433, 33434, 33435, 33436, 33437, 33438, 33439, 33440, 33441, 33442, 33443, 33444, 33446, 33447, 33448, 33449]
670 [33500, 33502, 33504, 33505, 33507, 33508, 33512, 33513, 33514, 33515, 33516, 33517, 33521, 33522, 33524, 33526, 33529, 33540]
671 [33550, 33552, 33553, 33556, 33558, 33559, 33561, 33562, 33563, 33566, 33567, 33569, 33571, 33573, 33575, 33576, 33577, 33578, 33579, 33580, 33581, 33583, 33585, 33586, 33588, 33589, 33590, 33591, 33592, 33593, 33594, 33595, 33597, 33598, 33599]
672 [33600, 33601, 33602, 33603, 33605, 33606, 33608, 33609, 33610, 33611, 33613, 33614, 33615, 33616, 33617, 33618, 33619, 33620, 33621, 33622, 33623, 33624, 33625, 33626, 33627, 33628, 33629, 33630, 33631, 33632, 33633, 33634, 33635, 33636, 33638, 33639, 33640, 33641, 33642, 33643, 33644, 33645, 33646, 33647, 33648, 33649]
675 [33756, 33766, 33769, 33771, 33778, 33786, 33791, 33795]
678 [33900, 33901, 33910, 33912, 33916, 33924, 33927, 33928, 33931, 33943]
679 [33950, 33951, 33952, 33953, 33954, 33955, 33956, 33957, 33958, 33959, 33960, 33961, 33962, 33963, 33964, 33965, 33966, 33967, 33968, 33969, 33970, 33971, 33972, 33973, 33974, 33975, 33976, 33977, 33978, 33979, 33980, 33981, 33982, 33983, 33984, 33985, 33986, 33987, 33988, 33989, 33990, 33991, 33992, 33993, 33994, 33995, 33996, 33997, 33998, 33999]
681 [34068]
682 [34100, 34101, 34103, 34104, 34105, 34106, 34107, 34108, 34109, 34110, 34111, 34112, 34113, 34114, 34115, 34116, 34117, 34119, 34122, 34123, 34124, 34125, 34126, 34127, 34128, 34129, 34130, 34132, 34133, 34134, 34135, 34136, 34137, 34138, 34139, 34140, 34142, 34143, 34146, 34147, 34148, 34149]
687 [34350, 34351, 34352, 34353, 34354, 34355, 34356, 34357, 34358, 34359, 34360, 34361, 34362, 34363, 34364, 34365, 34366, 34368, 34370, 34371, 34372, 34373, 34376, 34377, 34378, 34379, 34380, 34381, 34382, 34383, 34385, 34386, 34387, 34388, 34393, 34394, 34395, 34396, 34398]
691 [34551, 34552, 34554, 34560, 34562, 34564, 34565, 34567, 34568, 34570, 34574, 34576, 34580, 34586, 34588, 34590, 34591, 34596, 34599]
692 [34600, 34601, 34602, 34604, 34605, 34606, 34607, 34608, 34610, 34611, 34613, 34616, 34617, 34620, 34621, 34622, 34625, 34629, 34630, 34632, 34633, 34638, 34639, 34640, 34641, 34642, 34643, 34644, 34647]
694 [34709, 34720, 34721, 34723]
695 [34753, 34754, 34758, 34759, 34760, 34761, 34765, 34771, 34773, 34779, 34782, 34785, 34795, 34798]
698 [34901, 34902, 34904, 34906, 34908, 34909, 34911, 34912, 34913, 34915, 34917, 34918, 34924, 34926, 34927, 34928, 34929, 34930, 34931, 34932, 34933, 34935, 34938, 34939, 34940, 34941, 34942, 34945, 34946, 34947, 34948, 34949]
700 [35002, 35005, 35013, 35033, 35041]
701 [35050, 35051, 35052, 35053, 35054, 35055, 35056, 35059, 35062, 35063, 35064, 35065, 35067, 35068, 35070, 35071, 35072, 35073, 35074, 35075, 35076, 35077, 35078, 35079, 35080, 35081, 35082, 35083, 35084, 35085, 35086, 35087, 35088, 35089, 35090, 35091, 35093, 35094, 35096, 35097, 35098, 35099]
703 [35150, 35151, 35152, 35154, 35155, 35156, 35157, 35158, 35159, 35161, 35163, 35164, 35166, 35167, 35168, 35169, 35170, 35171, 35173, 35174, 35175, 35176, 35177, 35179, 35180, 35181, 35182, 35183, 35184, 35185, 35186, 35187, 35188, 35189, 35190, 35191, 35192, 35193, 35194, 35195, 35196, 35197, 35198]
704 [35200, 35201, 35202, 35204, 35205, 35207, 35208, 35209, 35210, 35211, 35215, 35216, 35217, 35218, 35219, 35221, 35222, 35223, 35224, 35225, 35226, 35227, 35228, 35229, 35230, 35231, 35232, 35233, 35235, 35236, 35237, 35240, 35241, 35242, 35244, 35245, 35248]
706 [35302, 35304, 35305, 35306, 35307, 35308, 35309, 35311, 35312, 35313, 35314, 35316, 35319, 35320, 35325, 35328, 35329, 35330, 35331, 35333, 35334, 35336, 35337, 35340, 35341, 35343, 35344, 35345, 35346, 35348]
707 [35352, 35363, 35365, 35371, 35381, 35386, 35387, 35390]
708 [35435, 35438, 35444]
709 [35452, 35466, 35476, 35478, 35484, 35491, 35497]
712 [35600, 35605, 35606, 35609, 35622, 35627, 35637, 35645]
720 [36006, 36011, 36013, 36016, 36018, 36020, 36021, 36028, 36031, 36033, 36034, 36036, 36038, 36044, 36045, 36047, 36048]
721 [36050, 36052, 36053, 36055, 36056, 36058, 36059, 36061, 36062, 36063, 36064, 36066, 36067, 36068, 36070, 36071, 36073, 36074, 36075, 36076, 36077, 36078, 36079, 36080, 36081, 36082, 36083, 36084, 36085, 36086, 36087, 36088, 36089, 36090, 36091, 36092, 36093, 36094, 36095, 36096, 36098, 36099]
722 [36106, 36142, 36143, 36146]
724 [36240]
728 [36400, 36401, 36402, 36404, 36410, 36413, 36419, 36425, 36427, 36429, 36431, 36432, 36433, 36437, 36438, 36441, 36442, 36444, 36446, 36447, 36448]
732 [36600, 36601, 36602, 36603, 36604, 36605, 36606, 36607, 36608, 36611, 36612, 36613, 36614, 36615, 36617, 36618, 36619, 36620, 36621, 36622, 36623, 36627, 36628, 36629, 36630, 36632, 36633, 36634, 36635, 36637, 36638, 36639, 36640, 36641, 36643, 36644, 36645, 36646, 36648, 36649]
733 [36660, 36667, 36685, 36690]
734 [36700, 36701, 36702, 36703, 36704, 36705, 36707, 36708, 36709, 36710, 36712, 36713, 36714, 36715, 36716, 36717, 36718, 36719, 36720, 36721, 36722, 36723, 36724, 36726, 36727, 36728, 36729, 36730, 36731, 36733, 36735, 36736, 36737, 36738, 36739, 36741, 36742, 36743, 36744, 36745, 36746, 36748, 36749]
735 [36750, 36751, 36754, 36756, 36758, 36760, 36766, 36767, 36768, 36769, 36770, 36774, 36775, 36779, 36780, 36782, 36783, 36787, 36788, 36789, 36790, 36792, 36793, 36794, 36795, 36796, 36797, 36799]
736 [36800, 36801, 36802, 36803, 36804, 36806, 36807, 36809, 36810, 36811, 36814, 36815, 36816, 36817, 36819, 36821, 36823, 36824, 36827, 36829, 36830, 36831, 36832, 36833, 36834, 36835, 36836, 36837, 36838, 36839, 36840, 36841, 36842, 36843, 36844, 36845, 36846, 36847, 36848, 36849]
737 [36851, 36852, 36855, 36858, 36860, 36865, 36867, 36870, 36871, 36873, 36875, 36877, 36879, 36885, 36888, 36889, 36890, 36894]
739 [36964, 36978, 36999]
741 [37050, 37051, 37052, 37053, 37055, 37056, 37057, 37059, 37060, 37063, 37064, 37067, 37068, 37069, 37070, 37071, 37072, 37074, 37075, 37076, 37078, 37079, 37081, 37083, 37084, 37085, 37087, 37090, 37091, 37092, 37094, 37095, 37096, 37097]
742 [37102, 37104, 37105, 37107, 37112, 37114, 37119, 37128, 37132, 37134, 37140, 37144, 37145, 37146, 37147, 37148]
746 [37304, 37307, 37309]
747 [37357, 37359, 37375, 37391, 37397]
748 [37403, 37405, 37407, 37410, 37411, 37419, 37421, 37427, 37428, 37431, 37434, 37438, 37440, 37448, 37449]
750 [37504, 37509, 37512, 37515, 37519, 37521, 37523, 37530, 37536]
752 [37601, 37602, 37603, 37604, 37605, 37606, 37607, 37608, 37609, 37610, 37611, 37612, 37613, 37614, 37615, 37617, 37618, 37619, 37620, 37621, 37622, 37623, 37624, 37625, 37626, 37627, 37628, 37629, 37630, 37631, 37634, 37635, 37636, 37637, 37638, 37639, 37640, 37641, 37642, 37643, 37644, 37645, 37646, 37647, 37648, 37649]
753 [37664]
754 [37700, 37701, 37703, 37704, 37705, 37706, 37707, 37708, 37709, 37710, 37711, 37714, 37715, 37716, 37717, 37720, 37721, 37722, 37723, 37725, 37726, 37727, 37728, 37729, 37730, 37731, 37733, 37734, 37735, 37736, 37737, 37738, 37740, 37741, 37743, 37744, 37745, 37746, 37748, 37749]
755 [37751, 37752, 37753, 37756, 37760, 37761, 37763, 37767, 37768, 37769, 37770, 37773, 37777, 37779, 37781, 37782, 37783, 37785, 37786, 37790, 37791, 37792, 37793, 37796, 37799]
757 [37856, 37858, 37864, 37879, 37889, 37891, 37893, 37894]
759 [37952, 37966, 37990, 37999]
760 [38000, 38001, 38003, 38004, 38005, 38006, 38007, 38008, 38009, 38010, 38011, 38012, 38013, 38014, 38015, 38016, 38017, 38018, 38019, 38021, 38022, 38023, 38024, 38025, 38026, 38027, 38028, 38029, 38030, 38034, 38035, 38036, 38037, 38038, 38039, 38041, 38042, 38043, 38045, 38046, 38047, 38048]
761 [38050, 38051, 38052, 38053, 38054, 38055, 38056, 38057, 38058, 38059, 38060, 38061, 38062, 38063, 38064, 38065, 38066, 38067, 38068, 38070, 38071, 38072, 38073, 38074, 38075, 38076, 38079, 38080, 38081, 38082, 38083, 38084, 38085, 38086, 38087, 38088, 38089, 38090, 38091, 38092, 38093, 38094, 38095, 38097, 38098, 38099]
762 [38102, 38108, 38110, 38111, 38113, 38117, 38118, 38119, 38120, 38121, 38122, 38124, 38130, 38131, 38133, 38134, 38135, 38138, 38139, 38142, 38143, 38144, 38145, 38147]
763 [38150, 38151, 38152, 38153, 38154, 38155, 38156, 38157, 38158, 38159, 38160, 38161, 38162, 38163, 38164, 38165, 38166, 38167, 38168, 38169, 38170, 38171, 38172, 38173, 38174, 38175, 38176, 38177, 38178, 38179, 38180, 38181, 38182, 38183, 38184, 38185, 38186, 38187, 38188, 38189, 38190, 38191, 38192, 38194, 38195, 38196, 38197, 38199]
765 [38269, 38298]
768 [38400, 38401, 38402, 38403, 38404, 38405, 38406, 38407, 38408, 38409, 38410, 38411, 38412, 38413, 38414, 38415, 38417, 38419, 38420, 38421, 38422, 38423, 38424, 38425, 38426, 38427, 38428, 38429, 38430, 38431, 38432, 38433, 38434, 38435, 38436, 38437, 38438, 38439, 38440, 38441, 38442, 38443, 38444, 38445, 38446, 38448, 38449]
770 [38500, 38501, 38502, 38503, 38504, 38505, 38506, 38507, 38508, 38509, 38510, 38511, 38513, 38514, 38515, 38516, 38518, 38520, 38522, 38523, 38524, 38525, 38526, 38527, 38528, 38529, 38531, 38532, 38533, 38534, 38535, 38536, 38537, 38538, 38539, 38540, 38541, 38542, 38543, 38544, 38545, 38546, 38547, 38548, 38549]
774 [38700, 38702, 38704, 38705, 38706, 38708, 38709, 38711, 38714, 38717, 38720, 38722, 38723, 38726, 38728, 38730, 38733, 38736, 38737, 38738, 38744, 38746, 38748, 38749]
776 [38807, 38821, 38832, 38841, 38842, 38845, 38846]
779 [38950, 38951, 38952, 38953, 38954, 38955, 38956, 38957, 38958, 38960, 38961, 38962, 38963, 38964, 38966, 38967, 38968, 38969, 38970, 38971, 38972, 38973, 38974, 38976, 38977, 38978, 38979, 38980, 38981, 38983, 38984, 38985, 38986, 38987, 38988, 38989, 38990, 38992, 38993, 38994, 38995, 38996, 38998]
781 [39080]
782 [39118, 39149]
785 [39254, 39273, 39277, 39283]
786 [39303, 39305, 39308, 39309, 39311, 39314, 39316, 39318, 39321, 39325, 39326, 39330, 39334, 39337, 39338, 39339, 39341, 39342, 39343, 39344, 39345, 39346, 39347, 39348]
787 [39353, 39354, 39357, 39358, 39360, 39361, 39362, 39364, 39365, 39369, 39371, 39372, 39373, 39374, 39375, 39378, 39379, 39380, 39382, 39383, 39384, 39386, 39387, 39391, 39392, 39393, 39395, 39397]
788 [39400, 39403, 39404, 39405, 39406, 39407, 39408, 39409, 39410, 39411, 39412, 39413, 39414, 39415, 39417, 39418, 39419, 39420, 39423, 39424, 39425, 39426, 39427, 39428, 39429, 39430, 39432, 39434, 39435, 39436, 39437, 39438, 39439, 39440, 39441, 39442, 39443, 39444, 39445, 39446, 39447, 39448, 39449]
790 [39501, 39503, 39506, 39507, 39508, 39509, 39511, 39514, 39516, 39517, 39519, 39520, 39522, 39523, 39525, 39526, 39529, 39535, 39538, 39539, 39541, 39543, 39544, 39547]
791 [39550, 39551, 39553, 39554, 39555, 39557, 39559, 39560, 39561, 39562, 39563, 39564, 39565, 39566, 39567, 39568, 39569, 39571, 39572, 39573, 39574, 39575, 39576, 39577, 39578, 39579, 39580, 39581, 39582, 39583, 39584, 39585, 39587, 39592, 39593, 39595, 39596, 39597, 39598, 39599]
793 [39665, 39674, 39691]
794 [39703, 39704, 39723, 39724, 39728, 39736, 39741, 39744, 39746]
795 [39750, 39751, 39752, 39753, 39755, 39756, 39757, 39758, 39759, 39760, 39761, 39762, 39764, 39765, 39766, 39767, 39768, 39769, 39770, 39771, 39772, 39773, 39774, 39775, 39776, 39778, 39779, 39782, 39783, 39785, 39786, 39787, 39788, 39789, 39790, 39791, 39792, 39794, 39795, 39797, 39798, 39799]
798 [39905, 39906, 39910, 39939]
799 [39951, 39952, 39954, 39962, 39966, 39974, 39978, 39981, 39983, 39985, 39991, 39994]
804 [40200, 40205, 40228, 40235, 40240, 40241]
805 [40250, 40251, 40252, 40253, 40254, 40255, 40256, 40257, 40258, 40259, 40260, 40261, 40262, 40263, 40265, 40266, 40267, 40268, 40269, 40270, 40271, 40273, 40274, 40275, 40276, 40277, 40278, 40279, 40281, 40282, 40283, 40284, 40285, 40286, 40287, 40289, 40290, 40291, 40292, 40293, 40294, 40295, 40296, 40297, 40298]
806 [40307, 40310, 40313, 40314, 40315, 40318, 40331, 40335, 40338, 40347]
807 [40353, 40354, 40355, 40356, 40371, 40375, 40376, 40377, 40386, 40389, 40391, 40393, 40398]
808 [40400, 40415, 40416, 40421, 40429, 40430, 40437, 40445, 40449]
809 [40450, 40451, 40452, 40453, 40454, 40455, 40456, 40457, 40458, 40459, 40460, 40461, 40463, 40464, 40465, 40466, 40467, 40469, 40470, 40471, 40472, 40473, 40474, 40476, 40477, 40478, 40479, 40480, 40481, 40482, 40483, 40484, 40485, 40486, 40487, 40488, 40489, 40493, 40494, 40495, 40497, 40498, 40499]
811 [40575, 40590]
812 [40600, 40601, 40603, 40607, 40608, 40610, 40611, 40614, 40615, 40617, 40620, 40622, 40627, 40628, 40629, 40630, 40632, 40633, 40634, 40638, 40640, 40641, 40642, 40646, 40647]
817 [40850, 40851, 40852, 40853, 40854, 40855, 40856, 40857, 40858, 40859, 40860, 40861, 40862, 40863, 40864, 40865, 40866, 40867, 40868, 40869, 40870, 40871, 40872, 40873, 40874, 40875, 40876, 40877, 40878, 40879, 40880, 40881, 40882, 40883, 40884, 40885, 40886, 40887, 40888, 40889, 40890, 40892, 40893, 40894, 40895, 40896, 40897, 40898, 40899]
820 [41000, 41001, 41002, 41003, 41004, 41005, 41006, 41007, 41010, 41011, 41014, 41015, 41016, 41017, 41018, 41019, 41020, 41021, 41022, 41023, 41024, 41025, 41026, 41027, 41028, 41029, 41030, 41031, 41032, 41033, 41034, 41035, 41036, 41037, 41038, 41041, 41042, 41043, 41044, 41045, 41046, 41047, 41048, 41049]
821 [41050, 41051, 41053, 41056, 41057, 41058, 41059, 41060, 41062, 41063, 41064, 41065, 41066, 41067, 41068, 41070, 41073, 41074, 41075, 41076, 41079, 41080, 41081, 41082, 41083, 41084, 41088, 41089, 41091, 41092, 41095, 41096, 41097, 41098, 41099]
822 [41120]
823 [41150, 41152, 41153, 41154, 41157, 41158, 41161, 41162, 41164, 41165, 41166, 41169, 41171, 41172, 41173, 41176, 41178, 41179, 41180, 41183, 41186, 41187, 41189, 41190, 41191, 41193, 41194, 41196, 41197, 41199]
825 [41250, 41251, 41252, 41253, 41254, 41256, 41257, 41258, 41259, 41260, 41262, 41264, 41265, 41266, 41267, 41268, 41269, 41270, 41272, 41274, 41276, 41277, 41280, 41281, 41282, 41283, 41284, 41285, 41286, 41287, 41289, 41290, 41291, 41292, 41293, 41296, 41297, 41298, 41299]
826 [41330, 41339, 41340, 41343, 41346]
827 [41352, 41361, 41366, 41368, 41374, 41378, 41381, 41386, 41387, 41389, 41390, 41396, 41397, 41398]
829 [41450, 41451, 41452, 41453, 41454, 41455, 41456, 41457, 41458, 41459, 41460, 41461, 41465, 41466, 41467, 41469, 41470, 41471, 41473, 41474, 41475, 41477, 41478, 41479, 41480, 41481, 41482, 41483, 41484, 41487, 41488, 41489, 41490, 41491, 41492, 41493, 41495, 41496, 41497, 41498, 41499]
831 [41550, 41551, 41552, 41554, 41555, 41557, 41559, 41560, 41561, 41562, 41564, 41565, 41566, 41567, 41568, 41569, 41570, 41571, 41572, 41575, 41576, 41577, 41580, 41581, 41585, 41586, 41589, 41590, 41591, 41592, 41593, 41595, 41596, 41597]
832 [41600, 41601, 41602, 41603, 41604, 41605, 41606, 41607, 41608, 41609, 41610, 41611, 41612, 41613, 41614, 41615, 41616, 41617, 41619, 41620, 41621, 41622, 41623, 41624, 41625, 41626, 41627, 41628, 41629, 41631, 41632, 41633, 41634, 41635, 41637, 41638, 41639, 41640, 41641, 41643, 41644, 41645, 41646, 41647, 41648, 41649]
833 [41651, 41658, 41659, 41660, 41661, 41665, 41667, 41668, 41669, 41674, 41681, 41683, 41687, 41692, 41693, 41694, 41695, 41696, 41697, 41699]
835 [41766, 41787, 41796]
836 [41803, 41805, 41823, 41824, 41830, 41837, 41843, 41844]
837 [41852, 41853, 41854, 41856, 41857, 41860, 41861, 41863, 41865, 41871, 41874, 41876, 41877, 41880, 41881, 41882, 41884, 41886, 41889, 41890, 41891, 41892, 41893, 41895, 41896]
839 [41950, 41951, 41952, 41956, 41957, 41958, 41959, 41960, 41963, 41964, 41966, 41968, 41972, 41975, 41977, 41978, 41982, 41984, 41987, 41989, 41990, 41992, 41997, 41998]
841 [42052, 42062, 42063, 42071, 42075, 42080, 42087, 42091, 42094, 42095, 42096, 42098, 42099]
842 [42147]
843 [42150, 42151, 42154, 42155, 42157, 42161, 42164, 42165, 42173, 42175, 42176, 42177, 42186, 42191]
846 [42300, 42301, 42302, 42303, 42304, 42305, 42306, 42307, 42308, 42310, 42312, 42314, 42315, 42316, 42317, 42318, 42319, 42320, 42321, 42322, 42323, 42324, 42325, 42326, 42327, 42328, 42329, 42330, 42332, 42334, 42335, 42337, 42338, 42339, 42341, 42342, 42343, 42344, 42345, 42347, 42348, 42349]
847 [42351, 42352, 42353, 42354, 42355, 42357, 42358, 42359, 42361, 42362, 42363, 42364, 42365, 42366, 42367, 42368, 42369, 42370, 42371, 42372, 42373, 42374, 42375, 42376, 42377, 42378, 42379, 42380, 42381, 42382, 42383, 42384, 42385, 42386, 42387, 42388, 42390, 42391, 42392, 42393, 42394, 42395, 42396, 42398, 42399]
849 [42450, 42451, 42452, 42453, 42454, 42455, 42456, 42459, 42460, 42461, 42463, 42464, 42465, 42466, 42467, 42468, 42470, 42471, 42472, 42473, 42474, 42475, 42476, 42477, 42478, 42480, 42481, 42483, 42484, 42485, 42486, 42487, 42488, 42489, 42493, 42494, 42495, 42496, 42497, 42498, 42499]
850 [42500, 42503, 42504, 42505, 42506, 42507, 42508, 42509, 42510, 42512, 42514, 42516, 42518, 42521, 42522, 42523, 42524, 42525, 42526, 42527, 42529, 42530, 42532, 42533, 42534, 42535, 42536, 42538, 42539, 42540, 42542, 42543, 42545, 42546, 42547, 42549]
851 [42551, 42552, 42553, 42554, 42556, 42557, 42558, 42559, 42563, 42564, 42566, 42567, 42569, 42570, 42571, 42572, 42573, 42574, 42576, 42577, 42578, 42579, 42582, 42584, 42585, 42586, 42587, 42588, 42589, 42591, 42594, 42596, 42598, 42599]
852 [42600, 42601, 42602, 42604, 42605, 42607, 42608, 42610, 42611, 42612, 42613, 42614, 42615, 42618, 42621, 42623, 42624, 42625, 42627, 42628, 42630, 42632, 42637, 42638, 42639, 42641, 42642, 42643, 42644, 42645, 42648]
854 [42700, 42701, 42704, 42706, 42713, 42714, 42717, 42718, 42720, 42721, 42722, 42723, 42724, 42725, 42729, 42734, 42737, 42738, 42739, 42740, 42741, 42742, 42743, 42748]
857 [42877, 42892]
858 [42900, 42901, 42903, 42904, 42905, 42906, 42908, 42909, 42910, 42914, 42915, 42916, 42918, 42919, 42920, 42921, 42922, 42924, 42925, 42927, 42928, 42929, 42930, 42931, 42933, 42934, 42936, 42937, 42938, 42942, 42943, 42944, 42945, 42948, 42949]
860 [43000, 43004, 43005, 43007, 43009, 43010, 43011, 43016, 43020, 43021, 43022, 43023, 43024, 43028, 43029, 43032, 43034, 43040, 43043, 43044, 43045, 43049]
863 [43168, 43179]
865 [43251, 43252, 43254, 43255, 43256, 43257, 43258, 43260, 43261, 43262, 43263, 43264, 43265, 43266, 43267, 43268, 43269, 43270, 43271, 43272, 43273, 43274, 43275, 43277, 43278, 43279, 43280, 43281, 43282, 43284, 43285, 43286, 43288, 43289, 43290, 43291, 43293, 43294, 43295, 43297, 43298, 43299]
866 [43300, 43303, 43304, 43305, 43306, 43307, 43308, 43309, 43310, 43311, 43312, 43313, 43314, 43315, 43316, 43317, 43318, 43319, 43320, 43322, 43323, 43324, 43325, 43326, 43327, 43328, 43329, 43330, 43331, 43332, 43333, 43334, 43335, 43336, 43337, 43338, 43339, 43340, 43341, 43342, 43343, 43344, 43345, 43346, 43348, 43349]
867 [43350, 43351, 43352, 43353, 43354, 43355, 43356, 43357, 43358, 43359, 43360, 43361, 43362, 43363, 43364, 43366, 43367, 43368, 43369, 43370, 43371, 43372, 43373, 43374, 43375, 43376, 43377, 43378, 43380, 43381, 43382, 43383, 43384, 43385, 43386, 43387, 43388, 43389, 43390, 43391, 43392, 43393, 43394, 43396, 43397, 43398, 43399]
868 [43401, 43408, 43422, 43424, 43425, 43433]
869 [43450, 43451, 43453, 43459, 43460, 43461, 43462, 43463, 43464, 43465, 43466, 43467, 43468, 43470, 43472, 43473, 43475, 43478, 43480, 43482, 43483, 43484, 43486, 43488, 43492, 43495, 43499]
870 [43501, 43505, 43507, 43526, 43527]
873 [43650, 43651, 43653, 43654, 43655, 43657, 43658, 43659, 43662, 43663, 43665, 43666, 43667, 43669, 43671, 43672, 43673, 43674, 43675, 43676, 43680, 43682, 43683, 43684, 43686, 43687, 43688, 43689, 43690, 43691, 43693, 43696, 43698, 43699]
874 [43700, 43701, 43702, 43703, 43704, 43705, 43706, 43708, 43710, 43712, 43713, 43714, 43717, 43718, 43719, 43721, 43723, 43725, 43726, 43727, 43728, 43729, 43731, 43733, 43734, 43735, 43736, 43737, 43739, 43740, 43741, 43742, 43743, 43744, 43745, 43746, 43748, 43749]
875 [43752, 43753, 43754, 43755, 43756, 43757, 43758, 43759, 43760, 43761, 43762, 43763, 43764, 43765, 43767, 43768, 43769, 43770, 43772, 43774, 43775, 43776, 43777, 43778, 43779, 43780, 43782, 43783, 43784, 43785, 43786, 43788, 43789, 43790, 43791, 43793, 43794, 43795, 43796, 43797, 43798]
878 [43900, 43902, 43903, 43904, 43905, 43906, 43907, 43908, 43909, 43910, 43911, 43912, 43913, 43914, 43915, 43916, 43917, 43918, 43919, 43920, 43921, 43922, 43923, 43924, 43925, 43927, 43928, 43929, 43930, 43931, 43932, 43933, 43934, 43936, 43938, 43939, 43941, 43943, 43944, 43945, 43946, 43947, 43948, 43949]
879 [43950, 43953, 43956, 43959, 43962, 43963, 43964, 43965, 43966, 43967, 43968, 43969, 43971, 43972, 43974, 43975, 43976, 43977, 43978, 43980, 43982, 43983, 43984, 43985, 43986, 43987, 43989, 43990, 43992, 43993, 43994, 43995, 43996, 43999]
880 [44011, 44013, 44019, 44026, 44030, 44034, 44035, 44044, 44049]
883 [44150, 44151, 44153, 44158, 44160, 44162, 44163, 44165, 44166, 44167, 44171, 44172, 44174, 44175, 44177, 44178, 44179, 44180, 44182, 44183, 44186, 44187, 44191, 44194, 44195, 44198]
886 [44300, 44301, 44302, 44303, 44304, 44305, 44307, 44310, 44312, 44313, 44314, 44317, 44318, 44319, 44321, 44322, 44324, 44325, 44326, 44328, 44333, 44334, 44340, 44341, 44344, 44345, 44348]
888 [44401, 44402, 44403, 44404, 44405, 44408, 44410, 44411, 44413, 44414, 44417, 44419, 44420, 44421, 44422, 44423, 44425, 44427, 44428, 44429, 44431, 44432, 44435, 44436, 44438, 44439, 44444, 44445, 44449]
889 [44465, 44489]
890 [44502, 44503, 44505, 44506, 44519, 44523, 44524, 44525, 44531, 44534, 44535, 44541, 44542, 44543, 44544, 44545, 44549]
891 [44590, 44594]
892 [44600, 44601, 44602, 44604, 44606, 44607, 44608, 44609, 44610, 44614, 44616, 44617, 44619, 44620, 44621, 44623, 44626, 44628, 44629, 44631, 44632, 44633, 44634, 44637, 44638, 44640, 44642, 44645, 44646, 44647]
894 [44702, 44703, 44707, 44710, 44712, 44713, 44716, 44718, 44719, 44721, 44723, 44725, 44727, 44728, 44730, 44731, 44732, 44734, 44735, 44736, 44737, 44740, 44741, 44742, 44744, 44745, 44747]
895 [44750, 44751, 44754, 44757, 44758, 44759, 44762, 44764, 44766, 44769, 44771, 44773, 44774, 44775, 44776, 44777, 44778, 44781, 44783, 44784, 44786, 44787, 44788, 44790, 44792, 44794, 44795, 44796, 44797, 44798, 44799]
896 [44800, 44804, 44806, 44807, 44808, 44809, 44810, 44812, 44818, 44819, 44829, 44833, 44834, 44838, 44839, 44842, 44849]
898 [44901, 44903, 44904, 44905, 44906, 44910, 44912, 44914, 44916, 44918, 44919, 44920, 44921, 44922, 44923, 44925, 44926, 44928, 44930, 44932, 44936, 44937, 44943, 44945, 44946, 44948, 44949]
900 [45000, 45001, 45002, 45003, 45005, 45006, 45007, 45008, 45010, 45011, 45012, 45013, 45014, 45015, 45016, 45017, 45018, 45019, 45020, 45021, 45023, 45024, 45025, 45026, 45027, 45029, 45031, 45032, 45033, 45034, 45035, 45036, 45037, 45038, 45039, 45040, 45041, 45042, 45043, 45044, 45047, 45048, 45049]
901 [45056, 45072, 45074, 45083]
904 [45200, 45205, 45206, 45210, 45213, 45216, 45218, 45226, 45229, 45230, 45232, 45239, 45243, 45244]
905 [45250, 45252, 45254, 45258]
906 [45303, 45307, 45311, 45313, 45320, 45323, 45329, 45337, 45338, 45343, 45344, 45347, 45349]
907 [45350, 45352, 45354, 45356, 45359, 45363, 45367, 45368, 45369, 45371, 45372, 45375, 45376, 45377, 45378, 45379, 45380, 45385, 45386, 45388, 45390, 45391, 45392, 45394, 45395, 45397, 45398]
908 [45400, 45404, 45405, 45407, 45409, 45411, 45412, 45413, 45416, 45417, 45418, 45420, 45421, 45423, 45424, 45427, 45428, 45429, 45430, 45431, 45432, 45433, 45434, 45435, 45437, 45439, 45445, 45446, 45447, 45448, 45449]
909 [45451, 45453, 45455, 45457, 45458, 45460, 45461, 45465, 45468, 45483, 45487, 45488, 45490, 45494, 45496, 45497, 45499]
910 [45500, 45503, 45505, 45506, 45508, 45511, 45512, 45516, 45517, 45518, 45519, 45520, 45523, 45524, 45525, 45526, 45527, 45529, 45530, 45531, 45534, 45535, 45536, 45537, 45539, 45540, 45542, 45547, 45548]
912 [45601, 45604, 45614, 45624, 45627]
915 [45750, 45751, 45752, 45754, 45755, 45757, 45758, 45759, 45760, 45761, 45763, 45764, 45765, 45766, 45768, 45770, 45771, 45772, 45774, 45775, 45776, 45777, 45778, 45779, 45780, 45781, 45782, 45783, 45784, 45785, 45788, 45789, 45790, 45791, 45793, 45794, 45795, 45796, 45797, 45798, 45799]
916 [45800, 45801, 45802, 45803, 45804, 45805, 45806, 45807, 45808, 45809, 45810, 45811, 45812, 45813, 45814, 45815, 45816, 45817, 45818, 45819, 45820, 45821, 45822, 45823, 45825, 45827, 45828, 45829, 45830, 45831, 45832, 45833, 45834, 45835, 45836, 45837, 45838, 45839, 45840, 45841, 45842, 45843, 45844, 45845, 45846, 45847, 45848, 45849]
917 [45850, 45852, 45854, 45855, 45856, 45857, 45858, 45859, 45860, 45861, 45865, 45868, 45870, 45872, 45873, 45874, 45875, 45877, 45878, 45879, 45880, 45881, 45882, 45884, 45886, 45887, 45888, 45889, 45891, 45892, 45894, 45895, 45896, 45897, 45898, 45899]
919 [45950, 45951, 45952, 45953, 45955, 45956, 45957, 45958, 45959, 45961, 45962, 45963, 45964, 45966, 45967, 45968, 45969, 45970, 45971, 45972, 45973, 45975, 45976, 45977, 45978, 45979, 45980, 45981, 45983, 45984, 45985, 45986, 45987, 45989, 45990, 45991, 45992, 45993, 45994, 45995, 45997, 45999]
920 [46001, 46004, 46006, 46007, 46009, 46012, 46014, 46016, 46019, 46022, 46023, 46024, 46025, 46029, 46030, 46031, 46032, 46035, 46036, 46037, 46038, 46039, 46042, 46043, 46044, 46045, 46048, 46049]
921 [46056, 46058, 46060, 46066, 46071, 46074, 46076, 46078, 46081, 46084, 46085, 46086, 46092, 46093, 46095]
922 [46100, 46101, 46102, 46103, 46104, 46105, 46106, 46107, 46108, 46109, 46110, 46111, 46112, 46113, 46114, 46115, 46116, 46117, 46118, 46119, 46120, 46121, 46122, 46123, 46124, 46125, 46126, 46127, 46128, 46129, 46130, 46131, 46132, 46133, 46134, 46135, 46136, 46137, 46138, 46139, 46140, 46141, 46142, 46143, 46145, 46146, 46147, 46148, 46149]
923 [46150, 46151, 46152, 46153, 46154, 46157, 46158, 46160, 46163, 46165, 46169, 46170, 46172, 46175, 46176, 46177, 46178, 46179, 46181, 46183, 46185, 46186, 46187, 46190, 46191, 46193, 46196, 46197, 46199]
924 [46201, 46202, 46204, 46205, 46211, 46212, 46216, 46217, 46221, 46225, 46228, 46229, 46230, 46232, 46233, 46234, 46237, 46242, 46243, 46244, 46245, 46247, 46248]
928 [46401, 46403, 46404, 46405, 46406, 46407, 46409, 46411, 46412, 46415, 46416, 46417, 46419, 46420, 46423, 46424, 46425, 46426, 46431, 46434, 46435, 46437, 46442, 46443, 46444, 46447, 46449]
931 [46553, 46554, 46558, 46559, 46560, 46562, 46566, 46567, 46568, 46569, 46570, 46571, 46574, 46576, 46578, 46579, 46580, 46581, 46582, 46583, 46584, 46586, 46587, 46588, 46593, 46594, 46595, 46597, 46599]
932 [46600, 46602, 46608, 46609, 46611, 46612, 46614, 46615, 46620, 46621, 46622, 46626, 46631, 46632, 46633, 46634, 46636, 46639, 46641, 46643, 46645, 46646, 46647, 46649]
933 [46650, 46651, 46652, 46653, 46654, 46655, 46656, 46657, 46658, 46659, 46660, 46661, 46662, 46663, 46664, 46665, 46666, 46667, 46668, 46669, 46670, 46671, 46672, 46673, 46674, 46675, 46676, 46677, 46678, 46679, 46680, 46681, 46682, 46683, 46684, 46686, 46687, 46688, 46689, 46690, 46691, 46692, 46693, 46694, 46695, 46696, 46697, 46698, 46699]
934 [46700, 46704, 46705, 46706, 46711, 46717, 46720, 46722, 46725, 46728, 46730, 46732, 46739, 46744, 46749]
935 [46751, 46752, 46755, 46757, 46758, 46782, 46784, 46785, 46787, 46789, 46794]
937 [46850, 46851, 46852, 46853, 46854, 46855, 46856, 46857, 46858, 46859, 46860, 46861, 46862, 46863, 46864, 46865, 46867, 46868, 46869, 46870, 46871, 46872, 46873, 46874, 46875, 46876, 46877, 46878, 46879, 46880, 46881, 46882, 46883, 46884, 46885, 46886, 46887, 46888, 46889, 46890, 46891, 46892, 46893, 46894, 46895, 46898, 46899]
939 [46953, 46955, 46956, 46957, 46960, 46962, 46963, 46965, 46970, 46972, 46974, 46976, 46977, 46978, 46980, 46981, 46982, 46985, 46986, 46988, 46989, 46990, 46991, 46993, 46994]
940 [47008, 47027, 47042]
942 [47100, 47104, 47105, 47107, 47110, 47112, 47113, 47116, 47117, 47118, 47119, 47124, 47126, 47128, 47129, 47131, 47135, 47136, 47139, 47140, 47141, 47148, 47149]
947 [47374]
949 [47450, 47452, 47453, 47454, 47455, 47456, 47457, 47459, 47462, 47464, 47465, 47467, 47473, 47474, 47476, 47477, 47478, 47480, 47481, 47483, 47484, 47485, 47488, 47489, 47490, 47491, 47492, 47494, 47495, 47497, 47499]
950 [47500, 47502, 47503, 47504, 47506, 47507, 47508, 47509, 47512, 47513, 47514, 47515, 47517, 47518, 47519, 47524, 47526, 47529, 47530, 47531, 47534, 47535, 47537, 47538, 47539, 47540, 47542, 47544, 47545, 47546, 47547, 47548, 47549]
951 [47550, 47551, 47552, 47553, 47554, 47555, 47556, 47557, 47558, 47559, 47561, 47562, 47563, 47565, 47567, 47568, 47569, 47571, 47573, 47574, 47575, 47576, 47578, 47579, 47580, 47581, 47585, 47586, 47587, 47588, 47590, 47591, 47592, 47593, 47595, 47596, 47598, 47599]
953 [47650, 47651, 47652, 47654, 47655, 47656, 47657, 47658, 47660, 47661, 47662, 47663, 47664, 47665, 47666, 47668, 47669, 47670, 47671, 47672, 47674, 47675, 47676, 47677, 47678, 47679, 47680, 47682, 47683, 47684, 47685, 47687, 47688, 47690, 47691, 47692, 47693, 47694, 47695, 47696, 47697, 47698, 47699]
954 [47700, 47701, 47702, 47703, 47705, 47706, 47707, 47708, 47709, 47710, 47711, 47712, 47713, 47718, 47719, 47721, 47722, 47723, 47724, 47725, 47726, 47727, 47728, 47731, 47732, 47733, 47735, 47736, 47737, 47739, 47740, 47741, 47743, 47744, 47746, 47748, 47749]
956 [47830, 47833, 47837]
957 [47858, 47859, 47861, 47865, 47867, 47875, 47878, 47884]
958 [47904, 47905, 47910, 47911, 47912, 47913, 47916, 47920, 47922, 47923, 47926, 47927, 47929, 47930, 47931, 47932, 47934, 47937, 47938, 47939, 47942, 47945, 47947]
960 [48000, 48001, 48002, 48018, 48020, 48025, 48032, 48039, 48040, 48044, 48048, 48049]
963 [48150, 48151, 48152, 48153, 48154, 48156, 48157, 48158, 48159, 48160, 48161, 48162, 48163, 48164, 48165, 48166, 48167, 48168, 48169, 48170, 48171, 48172, 48173, 48174, 48175, 48176, 48177, 48179, 48181, 48182, 48184, 48185, 48186, 48187, 48188, 48189, 48191, 48192, 48193, 48194, 48195, 48196, 48197, 48198, 48199]
964 [48201, 48234, 48237, 48242, 48244, 48248]
965 [48253, 48256, 48258, 48259, 48260, 48264, 48266, 48270, 48273, 48275, 48278, 48281, 48286, 48287, 48288, 48289, 48294]
966 [48300, 48303, 48304, 48305, 48306, 48309, 48310, 48311, 48313, 48314, 48315, 48316, 48318, 48320, 48321, 48322, 48323, 48324, 48325, 48326, 48328, 48329, 48330, 48332, 48337, 48340, 48341, 48342, 48343, 48347, 48348, 48349]
967 [48358, 48359, 48361, 48366, 48369, 48371, 48379, 48383, 48384, 48386, 48389, 48394, 48395, 48397, 48398]
968 [48413, 48422, 48427]
971 [48559, 48560, 48576]
972 [48605, 48611, 48616, 48619, 48622, 48623, 48627, 48631, 48632, 48634, 48635, 48636, 48640, 48642, 48644]
973 [48650, 48653, 48657, 48662, 48663, 48667, 48668, 48669, 48672, 48673, 48674, 48677, 48679, 48680, 48681, 48684, 48688, 48689, 48692, 48693, 48694, 48695, 48696, 48699]
974 [48700, 48702, 48703, 48705, 48706, 48707, 48708, 48710, 48711, 48713, 48714, 48715, 48716, 48717, 48718, 48719, 48722, 48723, 48725, 48726, 48727, 48728, 48730, 48731, 48732, 48734, 48735, 48737, 48741, 48742, 48743, 48744, 48749]
975 [48758, 48759, 48761, 48763, 48769, 48770, 48771, 48773, 48777, 48778, 48779, 48782, 48783, 48794, 48795]
976 [48814, 48817, 48820, 48822, 48833, 48835, 48836]
977 [48856, 48870, 48881, 48884, 48889, 48891]
978 [48901, 48905, 48907, 48909, 48910, 48912, 48913, 48914, 48915, 48920, 48922, 48923, 48924, 48927, 48928, 48929, 48932, 48933, 48941, 48946, 48947]
979 [48954, 48957, 48958, 48959, 48960, 48963, 48964, 48966, 48968, 48971, 48980, 48981, 48983, 48989, 48993]
980 [49000, 49003, 49005, 49007, 49008, 49009, 49010, 49011, 49012, 49013, 49014, 49015, 49017, 49019, 49022, 49023, 49027, 49029, 49030, 49033, 49034, 49036, 49037, 49038, 49039, 49040, 49042, 49043, 49044, 49046, 49047, 49048]
981 [49052, 49053, 49056, 49057, 49060, 49061, 49062, 49065, 49069, 49071, 49072, 49076, 49077, 49078, 49079, 49080, 49082, 49084, 49086, 49087, 49089, 49090, 49092, 49094, 49096, 49097, 49098, 49099]
982 [49100, 49103, 49104, 49105, 49108, 49109, 49111, 49112, 49114, 49115, 49116, 49117, 49118, 49119, 49120, 49121, 49122, 49123, 49124, 49125, 49126, 49127, 49128, 49129, 49130, 49132, 49135, 49136, 49137, 49138, 49139, 49140, 49141, 49143, 49145, 49146, 49147, 49148, 49149]
983 [49150, 49151, 49152, 49153, 49154, 49156, 49157, 49158, 49160, 49161, 49163, 49164, 49166, 49168, 49169, 49171, 49172, 49174, 49175, 49177, 49179, 49180, 49181, 49184, 49186, 49187, 49188, 49189, 49190, 49191, 49192, 49194, 49195, 49196, 49197]
987 [49350, 49351, 49354, 49356, 49357, 49359, 49360, 49361, 49362, 49363, 49364, 49365, 49366, 49368, 49369, 49371, 49372, 49373, 49376, 49378, 49379, 49380, 49381, 49382, 49383, 49385, 49389, 49390, 49391, 49392, 49393, 49394, 49397]
991 [49557, 49563, 49564, 49566, 49574, 49583, 49594]
999 [49956, 49957, 49958, 49960, 49961, 49962, 49964, 49967, 49968, 49974, 49975, 49976, 49982, 49984, 49985, 49988, 49991, 49992, 49993, 49994, 49996]
